

Цикл № 1
Шаг  № 1
Точек  643
Линейная потенцио. развертка , Скорость развертки 5,0001 мВ/с.
Время, с.              Потенциал, мВ            Ток, мкА
0.124600               -0.350850                 -30.986000
0.249300               -0.935600                 -25.060000
0.373900               -1.403400                 -21.390000
0.498500               -2.339000                 -18.929000
0.623200               -2.923800                 -17.184000
0.747800               -3.274600                 -15.743000
0.872400               -4.210200                 -14.443000
0.997100               -4.678000                 -13.402000
1.121700               -5.379700                 -12.568000
1.246300               -6.081400                 -11.933000
1.371000               -6.666200                 -11.474000
1.495600               -7.250900                 -11.037000
1.620200               -7.952600                 -10.675000
1.744900               -8.537300                 -10.372000
1.869500               -9.122100                 -10.086000
1.994100               -9.823800                 -9.818400
2.118800               -10.643000                 -9.527900
2.243400               -11.461000                 -9.230800
2.368000               -12.163000                 -8.899700
2.492700               -13.098000                 -8.539400
2.617300               -13.800000                 -8.221200
2.741900               -14.619000                 -8.013500
2.866600               -15.671000                 -7.862500
2.991200               -16.373000                 -7.735900
3.115800               -16.958000                 -7.607700
3.240500               -17.659000                 -7.482700
3.365100               -18.244000                 -7.365900
3.489700               -18.712000                 -7.240900
3.614400               -18.946000                 -7.054200
3.739000               -19.531000                 -6.825300
3.863600               -19.998000                 -6.632200
3.988200               -20.583000                 -6.491000
4.112900               -21.168000                 -6.370900
4.237500               -21.753000                 -6.263700
4.362100               -22.221000                 -6.237800
4.486800               -22.922000                 -6.305900
4.611400               -23.507000                 -6.349800
4.736000               -24.209000                 -6.241000
4.860700               -24.676000                 -6.187400
4.985300               -25.495000                 -6.228000
5.109900               -25.963000                 -6.072200
5.234600               -26.665000                 -5.851400
5.359200               -27.366000                 -5.750800
5.483800               -27.951000                 -5.893700
5.608500               -28.419000                 -6.211800
5.733100               -29.004000                 -6.424400
5.857700               -29.705000                 -6.614300
5.982400               -30.407000                 -7.010400
6.107000               -30.875000                 -7.666100
6.231600               -31.576000                 -8.752000
6.356300               -32.161000                 -9.657700
6.480900               -32.863000                 -9.764900
6.605500               -33.448000                 -9.428900
6.730200               -34.032000                 -8.984100
6.854800               -34.617000                 -8.711400
6.979400               -35.202000                 -8.524800
7.104100               -35.787000                 -8.284500
7.228700               -36.488000                 -8.036200
7.353300               -37.073000                 -7.851200
7.478000               -37.658000                 -7.703500
7.602600               -38.243000                 -7.515200
7.727200               -38.944000                 -7.274900
7.851900               -39.529000                 -7.012000
7.976500               -40.114000                 -6.771800
8.101100               -40.699000                 -6.570500
8.225800               -41.517000                 -6.456900
8.350400               -41.985000                 -6.447100
8.475000               -42.570000                 -6.573800
8.599700               -43.388000                 -6.687400
8.724300               -43.739000                 -6.716600
8.848900               -44.441000                 -6.697100
8.973600               -45.377000                 -6.633800
9.098200               -45.727000                 -6.507200
9.222800               -46.195000                 -6.353000
9.347500               -46.897000                 -6.200400
9.472100               -47.716000                 -6.103000
9.596700               -48.183000                 -6.116000
9.721400               -49.002000                 -6.150100
9.846000               -49.587000                 -6.059200
9.970600               -50.288000                 -5.833600
10.095300               -50.990000                 -5.578800
10.219900               -51.458000                 -5.439200
10.344500               -52.043000                 -5.450500
10.469200               -52.745000                 -5.455400
10.593800               -53.329000                 -5.447300
10.718400               -53.914000                 -5.434300
10.843100               -54.499000                 -5.419700
10.967700               -55.200000                 -5.390500
11.092300               -55.785000                 -5.379100
11.217000               -56.370000                 -5.369400
11.341600               -57.072000                 -5.390500
11.466200               -57.656000                 -5.538200
11.590800               -58.241000                 -5.832000
11.715500               -58.826000                 -6.096500
11.840100               -59.411000                 -6.185800
11.964700               -60.112000                 -6.205300
12.089400               -60.697000                 -6.254000
12.214000               -61.282000                 -6.302700
12.338600               -61.867000                 -6.330300
12.463300               -62.451000                 -6.315700
12.587900               -63.153000                 -6.216700
12.712500               -63.738000                 -6.114400
12.837200               -64.323000                 -6.028400
12.961800               -64.907000                 -5.992700
13.086400               -65.609000                 -5.971600
13.211100               -66.194000                 -5.971600
13.335700               -66.778000                 -5.961800
13.460300               -67.363000                 -5.893700
13.585000               -67.948000                 -5.780000
13.709600               -68.650000                 -5.648600
13.834200               -69.234000                 -5.505700
13.958900               -69.819000                 -5.354800
14.083500               -70.404000                 -5.211900
14.208100               -71.106000                 -5.099900
14.332800               -71.690000                 -5.025300
14.457400               -72.275000                 -5.002500
14.582000               -72.860000                 -5.168100
14.706700               -73.561000                 -5.539800
14.831300               -74.263000                 -5.758900
14.955900               -74.965000                 -5.814100
15.080600               -75.316000                 -5.856300
15.205200               -75.900000                 -5.885500
15.329800               -76.602000                 -5.869300
15.454500               -77.538000                 -5.802700
15.579100               -78.006000                 -5.710200
15.703700               -78.824000                 -5.577100
15.828400               -79.409000                 -5.452100
15.953000               -80.111000                 -5.351500
16.077600               -80.695000                 -5.273600
16.202300               -81.280000                 -5.208700
16.326900               -81.865000                 -5.143800
16.451500               -82.567000                 -5.078800
16.576200               -83.151000                 -5.022000
16.700800               -83.736000                 -4.962000
16.825400               -84.321000                 -4.911600
16.950100               -84.906000                 -4.884100
17.074700               -85.490000                 -4.861300
17.199300               -86.192000                 -4.845100
17.324000               -86.777000                 -4.820800
17.448600               -87.362000                 -4.752600
17.573200               -88.063000                 -4.682800
17.697900               -88.648000                 -4.739600
17.822500               -89.233000                 -4.859700
17.947100               -89.818000                 -4.924600
18.071800               -90.402000                 -4.897000
18.196400               -91.104000                 -4.828900
18.321000               -91.689000                 -4.851600
18.445700               -92.274000                 -5.028500
18.570300               -92.858000                 -5.197300
18.694900               -93.443000                 -5.260600
18.819500               -94.028000                 -5.257400
18.944200               -94.730000                 -5.236300
19.068800               -95.314000                 -5.315800
19.193400               -96.016000                 -5.567400
19.318100               -96.601000                 -5.958600
19.442700               -97.186000                 -6.403300
19.567300               -97.770000                 -6.711700
19.692000               -98.472000                 -6.783100
19.816600               -99.057000                 -6.620800
19.941200               -99.525000                 -6.348100
20.065900               -100.340000                 -6.096500
20.190500               -101.050000                 -5.896900
20.315100               -101.630000                 -5.689100
20.439800               -102.450000                 -5.479800
20.564400               -102.800000                 -5.246000
20.689000               -103.620000                 -5.025300
20.813700               -104.200000                 -4.848300
20.938300               -104.900000                 -4.721700
21.062900               -105.490000                 -4.622700
21.187600               -106.190000                 -4.538300
21.312200               -106.780000                 -4.452300
21.436800               -107.360000                 -4.385700
21.561500               -107.940000                 -4.343500
21.686100               -108.650000                 -4.328900
21.810700               -109.230000                 -4.307800
21.935400               -109.820000                 -4.303000
22.060000               -110.400000                 -4.301300
22.184600               -111.100000                 -4.288400
22.309300               -111.570000                 -4.288400
22.433900               -112.270000                 -4.307800
22.558500               -112.860000                 -4.338700
22.683200               -113.440000                 -4.406900
22.807800               -114.140000                 -4.473400
22.932400               -114.730000                 -4.502600
23.057100               -115.310000                 -4.497700
23.181700               -115.900000                 -4.489600
23.306300               -116.600000                 -4.462000
23.431000               -117.180000                 -4.390600
23.555600               -117.770000                 -4.288400
23.680200               -118.350000                 -4.197500
23.804900               -119.060000                 -4.139000
23.929500               -119.640000                 -4.132500
24.054100               -120.220000                 -4.178000
24.178800               -120.810000                 -4.270500
24.303400               -121.390000                 -4.392200
24.428000               -121.980000                 -4.489600
24.552700               -122.680000                 -4.538300
24.677300               -123.270000                 -4.552900
24.801900               -123.970000                 -4.528600
24.926600               -124.440000                 -4.463700
25.051200               -125.140000                 -4.380900
25.175800               -125.840000                 -4.285100
25.300500               -126.420000                 -4.174700
25.425100               -127.120000                 -4.077400
25.549700               -127.590000                 -3.981600
25.674400               -128.650000                 -3.905300
25.799000               -129.000000                 -3.868000
25.923600               -129.580000                 -3.879300
26.048300               -130.160000                 -3.918300
26.172900               -130.980000                 -3.936100
26.297500               -131.570000                 -3.941000
26.422100               -132.150000                 -3.962100
26.546800               -132.850000                 -4.012400
26.671400               -133.440000                 -4.083800
26.796000               -134.030000                 -4.122800
26.920700               -134.730000                 -4.101700
27.045300               -135.310000                 -4.056300
27.169900               -135.900000                 -4.040000
27.294600               -136.480000                 -4.033500
27.419200               -137.060000                 -3.999400
27.543800               -137.770000                 -3.952400
27.668500               -138.350000                 -4.020500
27.793100               -138.940000                 -4.278600
27.917700               -139.520000                 -4.687600
28.042400               -140.220000                 -4.862900
28.167000               -140.810000                 -4.702300
28.291600               -141.390000                 -4.502600
28.416300               -141.980000                 -4.436100
28.540900               -142.560000                 -4.489600
28.665500               -143.150000                 -4.582200
28.790200               -143.850000                 -4.671400
28.914800               -144.430000                 -4.911600
29.039400               -145.020000                 -5.276800
29.164100               -145.720000                 -5.564100
29.288700               -146.300000                 -5.655100
29.413300               -146.890000                 -5.593400
29.538000               -147.470000                 -5.470000
29.662600               -148.060000                 -5.419700
29.787200               -148.760000                 -5.413200
29.911900               -149.230000                 -5.340200
30.036500               -149.930000                 -5.239500
30.161100               -150.510000                 -5.160000
30.285800               -151.220000                 -5.072300
30.410400               -151.800000                 -4.955500
30.535000               -152.390000                 -4.859700
30.659700               -152.970000                 -4.798000
30.784300               -153.670000                 -4.754200
30.908900               -154.610000                 -4.729800
31.033600               -155.080000                 -4.705500
31.158200               -155.660000                 -4.676300
31.282800               -156.250000                 -4.650300
31.407500               -156.950000                 -4.629200
31.532100               -157.410000                 -4.604900
31.656700               -158.120000                 -4.600000
31.781400               -158.580000                 -4.635700
31.906000               -159.400000                 -4.720100
32.030600               -159.990000                 -4.871100
32.155300               -160.460000                 -5.070700
32.279900               -160.920000                 -5.236300
32.404500               -161.860000                 -5.336900
32.529200               -162.210000                 -5.406700
32.653800               -162.910000                 -5.531700
32.778400               -163.730000                 -5.715100
32.903100               -164.310000                 -5.836800
33.027700               -164.900000                 -5.973200
33.152300               -165.250000                 -6.137100
33.277000               -165.720000                 -6.198800
33.401600               -166.300000                 -6.034900
33.526200               -167.000000                 -5.901800
33.650900               -167.590000                 -5.838500
33.775500               -168.170000                 -5.754100
33.900100               -168.760000                 -5.611200
34.024700               -169.460000                 -5.437500
34.149400               -170.160000                 -5.343400
34.274000               -170.980000                 -5.358000
34.398600               -171.680000                 -5.358000
34.523300               -172.380000                 -5.416400
34.647900               -172.970000                 -5.573900
34.772500               -173.550000                 -5.586900
34.897200               -174.140000                 -5.502500
35.021800               -174.840000                 -5.572300
35.146400               -175.430000                 -5.633900
35.271100               -176.010000                 -5.575500
35.395700               -176.590000                 -5.499200
35.520300               -177.180000                 -5.455400
35.645000               -177.880000                 -5.411600
35.769600               -178.470000                 -5.362900
35.894200               -179.050000                 -5.304500
36.018900               -179.630000                 -5.220000
36.143500               -180.340000                 -5.129200
36.268100               -180.920000                 -5.043100
36.392800               -181.510000                 -4.986300
36.517400               -182.210000                 -4.937600
36.642000               -182.910000                 -4.910000
36.766700               -183.380000                 -4.918100
36.891300               -184.200000                 -4.968500
37.015900               -185.010000                 -5.026900
37.140600               -185.370000                 -5.080400
37.265200               -186.300000                 -5.116200
37.389800               -186.890000                 -5.080400
37.514500               -187.350000                 -4.966800
37.639100               -188.060000                 -4.837000
37.763700               -188.640000                 -4.716900
37.888400               -189.340000                 -4.616200
38.013000               -189.930000                 -4.559400
38.137600               -190.510000                 -4.527000
38.262300               -191.100000                 -4.517200
38.386900               -191.800000                 -4.505900
38.511500               -192.380000                 -4.488000
38.636200               -192.970000                 -4.478300
38.760800               -193.550000                 -4.468500
38.885400               -194.140000                 -4.447400
39.010100               -194.840000                 -4.402000
39.134700               -195.420000                 -4.345200
39.259300               -196.010000                 -4.361400
39.384000               -196.590000                 -4.598400
39.508600               -197.180000                 -5.018800
39.633200               -197.880000                 -5.366100
39.757900               -198.460000                 -5.632300
39.882500               -199.050000                 -5.822200
40.007100               -199.630000                 -5.879000
40.131800               -200.340000                 -5.903400
40.256400               -200.920000                 -5.875800
40.381000               -201.500000                 -5.773500
40.505700               -202.090000                 -5.637200
40.630300               -202.670000                 -5.497600
40.754900               -203.380000                 -5.367800
40.879600               -203.960000                 -5.224900
41.004200               -204.660000                 -5.091800
41.128800               -205.130000                 -4.981400
41.253400               -205.720000                 -4.908400
41.378100               -206.420000                 -4.856500
41.502700               -207.000000                 -4.848300
41.627300               -207.590000                 -4.888900
41.752000               -208.170000                 -4.984700
41.876600               -208.990000                 -5.117800
42.001200               -209.460000                 -5.134000
42.125900               -210.280000                 -5.043100
42.250500               -210.630000                 -4.991200
42.375100               -211.450000                 -4.989600
42.499800               -212.150000                 -5.065800
42.624400               -212.730000                 -5.125900
42.749000               -213.080000                 -5.121000
42.873700               -213.670000                 -5.109700
42.998300               -214.250000                 -5.184300
43.122900               -214.840000                 -5.330400
43.247600               -215.540000                 -5.492700
43.372200               -216.240000                 -5.621000
43.496800               -216.820000                 -5.724800
43.621500               -217.410000                 -5.781600
43.746100               -218.110000                 -5.817400
43.870700               -218.810000                 -5.771900
43.995400               -219.510000                 -5.689100
44.120000               -220.100000                 -5.577100
44.244600               -220.800000                 -5.461900
44.369300               -221.150000                 -5.349900
44.493900               -222.090000                 -5.280100
44.618500               -222.670000                 -5.249300
44.743200               -223.260000                 -5.242800
44.867800               -223.840000                 -5.259000
44.992400               -224.540000                 -5.304500
45.117100               -225.130000                 -5.379100
45.241700               -225.710000                 -5.432700
45.366300               -226.410000                 -5.505700
45.491000               -227.000000                 -5.663200
45.615600               -227.590000                 -5.914700
45.740200               -228.170000                 -6.244300
45.864900               -228.750000                 -6.487700
45.989500               -229.460000                 -6.552600
46.114100               -230.040000                 -6.536400
46.238800               -230.620000                 -6.471500
46.363400               -231.210000                 -6.336800
46.488000               -231.910000                 -6.081900
46.612700               -232.500000                 -5.867700
46.737300               -233.080000                 -5.681000
46.861900               -233.670000                 -5.515500
46.986600               -234.250000                 -5.371000
47.111200               -234.840000                 -5.237900
47.235800               -235.540000                 -5.142100
47.360500               -236.120000                 -5.083700
47.485100               -236.710000                 -5.046400
47.609700               -237.290000                 -5.022000
47.734400               -237.990000                 -4.957100
47.859000               -238.690000                 -4.848300
47.983600               -239.280000                 -4.749300
48.108300               -239.980000                 -4.679500
48.232900               -240.800000                 -4.639000
48.357500               -241.270000                 -4.585400
48.482200               -242.090000                 -4.501000
48.606800               -242.670000                 -4.455500
48.731400               -243.370000                 -4.621100
48.856000               -243.720000                 -5.022000
48.980700               -244.430000                 -5.299600
49.105300               -245.010000                 -5.233000
49.229900               -245.590000                 -5.173000
49.354600               -246.410000                 -5.255700
49.479200               -246.880000                 -5.349900
49.603800               -247.580000                 -5.398600
49.728500               -248.170000                 -5.479800
49.853100               -248.870000                 -5.692400
49.977700               -249.450000                 -5.862800
50.102400               -250.040000                 -6.013800
50.227000               -250.620000                 -6.080300
50.351600               -251.090000                 -5.882300
50.476300               -251.790000                 -5.713500
50.600900               -252.380000                 -5.856300
50.725500               -253.080000                 -5.944000
50.850200               -253.660000                 -5.744300
50.974800               -254.250000                 -5.509000
51.099400               -254.830000                 -5.367800
51.224100               -255.420000                 -5.361300
51.348700               -256.120000                 -5.385600
51.473300               -256.700000                 -5.525200
51.598000               -257.290000                 -5.750800
51.722600               -257.990000                 -5.909900
51.847200               -258.580000                 -5.965100
51.971900               -259.160000                 -5.950500
52.096500               -259.750000                 -5.874200
52.221100               -260.450000                 -5.763800
52.345800               -261.030000                 -5.606300
52.470400               -261.620000                 -5.426200
52.595000               -262.320000                 -5.278500
52.719700               -262.900000                 -5.181100
52.844300               -263.610000                 -5.078800
52.968900               -264.190000                 -4.942500
53.093600               -264.890000                 -4.918100
53.218200               -265.710000                 -5.020400
53.342800               -266.410000                 -5.061000
53.467500               -267.000000                 -5.004200
53.592100               -267.580000                 -4.872700
53.716700               -268.170000                 -4.830500
53.841400               -268.750000                 -4.963600
53.966000               -269.450000                 -5.057700
54.090600               -270.040000                 -5.005800
54.215300               -270.500000                 -4.919800
54.339900               -271.210000                 -4.916500
54.464500               -271.790000                 -5.190800
54.589200               -272.490000                 -5.851400
54.713800               -272.730000                 -6.430900
54.838400               -273.550000                 -6.521800
54.963100               -274.130000                 -6.401700
55.087700               -274.720000                 -6.247500
55.212300               -275.530000                 -6.125800
55.337000               -276.120000                 -6.021900
55.461600               -276.700000                 -5.892000
55.586200               -277.400000                 -5.763800
55.710900               -277.990000                 -5.656700
55.835500               -278.570000                 -5.614500
55.960100               -279.160000                 -5.710200
56.084800               -279.740000                 -5.781600
56.209400               -280.450000                 -5.741100
56.334000               -281.030000                 -5.676100
56.458600               -281.620000                 -5.661500
56.583300               -282.200000                 -5.661500
56.707900               -282.790000                 -5.588500
56.832500               -283.370000                 -5.481400
56.957200               -284.070000                 -5.379100
57.081800               -284.660000                 -5.346700
57.206400               -285.240000                 -5.385600
57.331100               -285.830000                 -5.440800
57.455700               -286.530000                 -5.476500
57.580300               -287.110000                 -5.476500
57.705000               -287.700000                 -5.437500
57.829600               -288.280000                 -5.335300
57.954200               -288.980000                 -5.203800
58.078900               -289.570000                 -5.093400
58.203500               -290.150000                 -5.010700
58.328100               -290.740000                 -4.947400
58.452800               -291.320000                 -4.880800
58.577400               -291.910000                 -4.824000
58.702000               -292.610000                 -4.778600
58.826700               -293.190000                 -4.747700
58.951300               -293.780000                 -4.718500
59.075900               -294.360000                 -4.705500
59.200600               -295.060000                 -4.684400
59.325200               -295.770000                 -4.725000
59.449800               -296.350000                 -4.843500
59.574500               -296.940000                 -4.970100
59.699100               -297.520000                 -5.174600
59.823700               -298.340000                 -5.413200
59.948400               -299.040000                 -5.435900
60.073000               -299.390000                 -5.340200
60.197600               -299.860000                 -5.285000
60.322300               -300.560000                 -5.388800
60.446900               -301.500000                 -5.603100
60.571500               -302.080000                 -5.679400
60.696200               -302.670000                 -5.556000
60.820800               -303.370000                 -5.395300
60.945400               -304.070000                 -5.280100
61.070100               -304.650000                 -5.203800
61.194700               -305.240000                 -5.147000
61.319300               -305.940000                 -5.082100
61.444000               -306.530000                 -5.018800
61.568600               -307.110000                 -4.940900
61.693200               -307.690000                 -4.862900
61.817900               -308.280000                 -4.807800
61.942500               -308.980000                 -4.802900
62.067100               -309.570000                 -4.853200
62.191800               -310.150000                 -4.875900
62.316400               -310.740000                 -4.848300
62.441000               -311.200000                 -4.783400
62.565700               -312.020000                 -4.710400
62.690300               -312.610000                 -4.653600
62.814900               -313.190000                 -4.611400
62.939600               -313.780000                 -4.616200
63.064200               -314.360000                 -4.673000
63.188800               -315.060000                 -4.815900
63.313500               -315.650000                 -4.981400
63.438100               -316.230000                 -5.104800
63.562700               -316.820000                 -5.147000
63.687400               -317.400000                 -5.117800
63.812000               -318.100000                 -5.064200
63.936600               -318.690000                 -5.013900
64.061200               -319.270000                 -4.942500
64.185900               -319.860000                 -4.871100
64.310500               -320.440000                 -4.913300
64.435100               -321.140000                 -5.085300
64.559800               -321.730000                 -5.314200
64.684400               -322.310000                 -5.496000
64.809000               -322.900000                 -5.517100
64.933700               -323.600000                 -5.455400
65.058300               -324.190000                 -5.353100
65.182900               -324.770000                 -5.203800
65.307600               -325.470000                 -5.082100
65.432200               -325.940000                 -5.049600
65.556800               -326.880000                 -4.976600
65.681500               -327.340000                 -4.861300
65.806100               -327.930000                 -4.854800
65.930700               -328.510000                 -4.921400
66.055400               -328.980000                 -4.898700
66.180000               -329.920000                 -4.947400
66.304600               -330.270000                 -5.203800
66.429300               -331.080000                 -5.669700
66.553900               -331.550000                 -6.210200
66.678500               -332.250000                 -6.753900
66.803200               -333.070000                 -7.028200
66.927800               -333.660000                 -7.057500
67.052400               -334.360000                 -7.201900
67.177100               -334.940000                 -7.627200
67.301700               -335.530000                 -8.050800
67.426300               -336.230000                 -8.141700
67.551000               -336.820000                 -7.903100
67.675600               -337.400000                 -7.421000
67.800200               -338.100000                 -6.729600
67.924900               -338.690000                 -6.249100
68.049500               -339.270000                 -6.140400
68.174100               -339.860000                 -6.124100
68.298800               -340.440000                 -5.931000
68.423400               -341.140000                 -5.773500
68.548000               -341.730000                 -5.749200
68.672700               -342.310000                 -5.797900
68.797300               -342.900000                 -5.814100
68.921900               -343.600000                 -5.734600
69.046600               -344.180000                 -5.685900
69.171200               -344.770000                 -5.676100
69.295800               -345.350000                 -5.541400
69.420500               -346.060000                 -5.320700
69.545100               -346.520000                 -5.184300
69.669700               -347.230000                 -5.190800
69.794400               -347.810000                 -5.314200
69.919000               -348.390000                 -5.504100
70.043600               -348.980000                 -5.721600
70.168300               -349.560000                 -5.931000
70.292900               -350.260000                 -6.086800
70.417500               -350.850000                 -6.155000
70.542200               -351.670000                 -6.081900
70.666800               -352.140000                 -5.913100
70.791400               -352.840000                 -5.771900
70.916100               -353.310000                 -5.697300
71.040700               -354.240000                 -5.646900
71.165300               -354.830000                 -5.614500
71.289900               -355.290000                 -5.596600
71.414600               -355.880000                 -5.543100
71.539200               -356.460000                 -5.479800
71.663800               -356.930000                 -5.439200
71.788500               -357.630000                 -5.422900
71.913100               -358.330000                 -5.416400
72.037700               -358.800000                 -5.398600
72.162400               -359.740000                 -5.406700
72.287000               -360.440000                 -5.461900
72.411600               -361.020000                 -5.547900
72.536300               -361.730000                 -5.617700
72.660900               -362.080000                 -5.703700
72.785500               -362.780000                 -5.814100
72.910200               -363.480000                 -5.890400
73.034800               -363.950000                 -5.911500
73.159400               -364.650000                 -5.866100
73.284100               -365.350000                 -5.823900
73.408700               -365.820000                 -5.786500
73.533300               -366.640000                 -5.708600
73.658000               -367.220000                 -5.585300
73.782600               -367.810000                 -5.445700
73.907200               -368.280000                 -5.327200
74.031900               -368.980000                 -5.223300
74.156500               -369.560000                 -5.121000
74.281100               -370.260000                 -5.012300
74.405800               -370.850000                 -4.918100
74.530400               -371.430000                 -4.843500
74.655000               -372.130000                 -4.794800
74.779700               -372.720000                 -4.773700
74.904300               -373.300000                 -4.778600
75.028900               -373.890000                 -4.835400
75.153600               -374.470000                 -5.147000
75.278200               -375.060000                 -5.559300
75.402800               -375.640000                 -5.796300
75.527500               -376.350000                 -5.879000
75.652100               -376.930000                 -5.793000
75.776700               -377.510000                 -5.556000
75.901400               -378.100000                 -5.255700
76.026000               -378.800000                 -5.007400
76.150600               -379.390000                 -4.853200
76.275300               -379.970000                 -4.759100
76.399900               -380.560000                 -4.690900
76.524500               -381.260000                 -4.639000
76.649200               -381.840000                 -4.598400
76.773800               -382.660000                 -4.582200
76.898400               -383.250000                 -4.574000
77.023100               -383.830000                 -4.575700
77.147700               -384.420000                 -4.565900
77.272300               -385.000000                 -4.552900
77.397000               -385.580000                 -4.538300
77.521600               -386.170000                 -4.535100
77.646200               -386.990000                 -4.530200
77.770900               -387.810000                 -4.522100
77.895500               -388.270000                 -4.499400
78.020100               -388.980000                 -4.475000
78.144800               -389.680000                 -4.445800
78.269400               -390.140000                 -4.418200
78.394000               -390.730000                 -4.387400
78.518700               -391.310000                 -4.369500
78.643300               -391.900000                 -4.389000
78.767900               -392.720000                 -4.502600
78.892500               -393.300000                 -4.715200
79.017200               -393.890000                 -5.035000
79.141800               -394.470000                 -5.372600
79.266400               -395.060000                 -5.617700
79.391100               -395.760000                 -5.677800
79.515700               -396.340000                 -5.638800
79.640300               -396.930000                 -5.569000
79.765000               -397.510000                 -5.499200
79.889600               -398.210000                 -5.431000
80.014200               -398.800000                 -5.351500
80.138900               -399.380000                 -5.281700
