

Цикл № 1
Шаг  № 1
Точек  643
Линейная потенцио. развертка , ЭДС 283,02мВ, Скорость развертки 5,0001 мВ/с.
Время, с.              Потенциал, мВ            Ток, мкА
0.124600               281.850000                 -0.374950
0.249300               281.150000                 -0.527520
0.373900               280.560000                 -0.561610
0.498500               279.980000                 -0.611930
0.623200               279.390000                 -0.650880
0.747800               278.810000                 -0.681720
0.872400               278.110000                 -0.710940
0.997100               277.520000                 -0.748270
1.121700               276.940000                 -0.785600
1.246300               276.350000                 -0.816440
1.371000               275.420000                 -0.870010
1.495600               274.950000                 -0.952790
1.620200               274.370000                 -0.991740
1.744900               273.780000                 -1.016100
1.869500               273.190000                 -1.045300
1.994100               272.380000                 -1.064800
2.118800               271.910000                 -1.084300
2.243400               271.440000                 -1.103700
2.368000               270.860000                 -1.136200
2.492700               270.150000                 -1.167000
2.617300               269.690000                 -1.180000
2.741900               268.870000                 -1.193000
2.866600               268.280000                 -1.219000
2.991200               267.700000                 -1.230400
3.115800               266.880000                 -1.251400
3.240500               266.060000                 -1.292000
3.365100               265.480000                 -1.301800
3.489700               264.890000                 -1.329400
3.614400               264.420000                 -1.395900
3.739000               263.610000                 -1.477100
3.863600               263.020000                 -1.571200
3.988200               262.440000                 -1.623200
4.112900               261.850000                 -1.644200
4.237500               261.150000                 -1.616700
4.362100               260.560000                 -1.600400
4.486800               259.980000                 -1.587400
4.611400               259.390000                 -1.606900
4.736000               258.690000                 -1.628000
4.860700               258.110000                 -1.662100
4.985300               257.520000                 -1.689700
5.109900               256.940000                 -1.736800
5.234600               256.350000                 -1.779000
5.359200               255.650000                 -1.817900
5.483800               255.070000                 -1.819600
5.608500               254.480000                 -1.830900
5.733100               253.900000                 -1.845500
5.857700               253.310000                 -1.876400
5.982400               252.610000                 -1.882800
6.107000               252.030000                 -1.881200
6.231600               251.440000                 -1.907200
6.356300               250.860000                 -1.936400
6.480900               250.160000                 -1.964000
6.605500               249.570000                 -1.988400
6.730200               248.990000                 -1.999700
6.854800               248.400000                 -2.027300
6.979400               247.700000                 -2.054900
7.104100               247.120000                 -2.093900
7.228700               246.530000                 -2.113300
7.353300               245.830000                 -2.129600
7.478000               245.360000                 -2.132800
7.602600               244.430000                 -2.196100
7.727200               244.070000                 -2.300000
7.851900               243.490000                 -2.402300
7.976500               242.910000                 -2.467200
8.101100               242.200000                 -2.460700
8.225800               241.620000                 -2.434700
8.350400               241.030000                 -2.413600
8.475000               240.330000                 -2.416900
8.599700               239.750000                 -2.436400
8.724300               238.930000                 -2.579200
8.848900               238.230000                 -2.783700
8.973600               237.880000                 -2.873000
9.098200               237.180000                 -2.860000
9.222800               236.710000                 -2.782100
9.347500               235.770000                 -2.697700
9.472100               235.420000                 -2.598700
9.596700               234.490000                 -2.501300
9.721400               234.020000                 -2.434700
9.846000               233.550000                 -2.374700
9.970600               233.200000                 -2.316200
10.095300               232.500000                 -2.267500
10.219900               231.680000                 -2.254600
10.344500               231.330000                 -2.248100
10.469200               230.160000                 -2.254600
10.593800               229.690000                 -2.275700
10.718400               229.100000                 -2.308100
10.843100               228.520000                 -2.322700
10.967700               227.700000                 -2.355200
11.092300               227.120000                 -2.386000
11.217000               226.530000                 -2.412000
11.341600               225.950000                 -2.381200
11.466200               225.360000                 -2.374700
11.590800               224.660000                 -2.436400
11.715500               224.080000                 -2.465600
11.840100               223.490000                 -2.545100
11.964700               222.910000                 -2.700900
12.089400               222.210000                 -2.895700
12.214000               221.740000                 -3.098600
12.338600               221.040000                 -3.072600
12.463300               220.330000                 -3.004400
12.587900               219.750000                 -3.131100
12.712500               219.160000                 -3.376100
12.837200               218.580000                 -3.494600
12.961800               218.000000                 -3.497900
13.086400               217.410000                 -3.493000
13.211100               216.820000                 -3.562800
13.335700               216.120000                 -3.520600
13.460300               215.540000                 -3.324200
13.585000               214.950000                 -3.087200
13.709600               214.250000                 -2.890800
13.834200               213.670000                 -2.730100
13.958900               213.080000                 -2.611700
14.083500               212.500000                 -2.512600
14.208100               211.800000                 -2.438000
14.332800               211.090000                 -2.392500
14.457400               210.510000                 -2.373000
14.582000               209.810000                 -2.363300
14.706700               208.990000                 -2.353600
14.831300               208.520000                 -2.347100
14.955900               207.820000                 -2.327600
15.080600               207.000000                 -2.285400
15.205200               206.420000                 -2.235100
15.329800               205.830000                 -2.168500
15.454500               205.250000                 -2.106900
15.579100               204.550000                 -2.063000
15.703700               203.960000                 -2.030600
15.828400               203.380000                 -2.017600
15.953000               202.790000                 -2.040300
16.077600               202.210000                 -2.145800
16.202300               201.620000                 -2.317900
16.326900               200.920000                 -2.444500
16.451500               200.340000                 -2.455800
16.576200               199.750000                 -2.405500
16.700800               199.170000                 -2.364900
16.825400               198.460000                 -2.347100
16.950100               197.880000                 -2.394100
17.074700               197.290000                 -2.476900
17.199300               196.710000                 -2.485000
17.324000               196.120000                 -2.475300
17.448600               195.420000                 -2.451000
17.573200               194.840000                 -2.410400
17.697900               194.250000                 -2.335700
17.822500               193.670000                 -2.241600
17.947100               193.080000                 -2.155500
18.071800               192.380000                 -2.108500
18.196400               191.800000                 -2.067900
18.321000               191.210000                 -2.040300
18.445700               190.510000                 -2.051700
18.570300               189.930000                 -2.084100
18.694900               189.340000                 -2.102000
18.819500               188.760000                 -2.158800
18.944200               188.060000                 -2.274000
19.068800               187.240000                 -2.405500
19.193400               186.530000                 -2.514300
19.318100               185.950000                 -2.592200
19.442700               185.600000                 -2.645700
19.567300               184.660000                 -2.605200
19.692000               183.960000                 -2.528900
19.816600               183.500000                 -2.470400
19.941200               182.790000                 -2.425000
20.065900               182.090000                 -2.381200
20.190500               181.510000                 -2.337300
20.315100               180.920000                 -2.290300
20.439800               180.340000                 -2.244800
20.564400               179.870000                 -2.201000
20.689000               179.280000                 -2.160400
20.813700               178.580000                 -2.113300
20.938300               177.880000                 -2.090600
21.062900               177.410000                 -2.116600
21.187600               176.830000                 -2.188000
21.312200               176.010000                 -2.215600
21.436800               175.540000                 -2.207500
21.561500               174.840000                 -2.178300
21.686100               174.140000                 -2.165300
21.810700               173.550000                 -2.140900
21.935400               172.970000                 -2.110100
22.060000               172.380000                 -2.067900
22.184600               171.680000                 -2.024100
22.309300               171.100000                 -1.985100
22.433900               170.510000                 -1.960800
22.558500               169.930000                 -1.957500
22.683200               169.230000                 -1.967300
22.807800               168.640000                 -2.006200
22.932400               168.060000                 -2.061400
23.057100               167.470000                 -2.113300
23.181700               166.770000                 -2.139300
23.306300               166.300000                 -2.142600
23.431000               165.600000                 -2.147400
23.555600               165.020000                 -2.155500
23.680200               164.430000                 -2.145800
23.804900               163.850000                 -2.113300
23.929500               163.150000                 -2.077600
24.054100               162.560000                 -2.032200
24.178800               161.980000                 -1.991600
24.303400               161.390000                 -1.939700
24.428000               160.810000                 -1.915300
24.552700               160.100000                 -1.907200
24.677300               159.520000                 -1.916900
24.801900               158.940000                 -1.923400
24.926600               158.350000                 -1.938000
25.051200               157.650000                 -1.975400
25.175800               157.060000                 -1.991600
25.300500               156.480000                 -1.978600
25.425100               155.890000                 -1.938000
25.549700               155.190000                 -1.884500
25.674400               154.490000                 -1.852000
25.799000               154.020000                 -1.840600
25.923600               153.320000                 -1.847100
26.048300               152.740000                 -1.840600
26.172900               152.150000                 -1.821200
26.297500               151.220000                 -1.798500
26.422100               150.630000                 -1.770900
26.546800               150.050000                 -1.793600
26.671400               149.700000                 -2.196100
26.796000               148.880000                 -2.342200
26.920700               148.290000                 -2.293500
27.045300               147.710000                 -2.283800
27.169900               147.120000                 -2.175000
27.294600               146.190000                 -2.045200
27.419200               145.490000                 -1.962400
27.543800               144.900000                 -1.900700
27.668500               144.320000                 -1.861800
27.793100               143.730000                 -1.832500
27.917700               143.150000                 -1.814700
28.042400               142.560000                 -1.816300
28.167000               141.860000                 -1.811400
28.291600               141.280000                 -1.790300
28.416300               140.690000                 -1.743300
28.540900               140.110000                 -1.678300
28.665500               139.400000                 -1.629600
28.790200               138.820000                 -1.626400
28.914800               138.240000                 -1.645900
29.039400               137.650000                 -1.692900
29.164100               136.950000                 -1.780600
29.288700               136.360000                 -1.949400
29.413300               135.780000                 -2.126300
29.538000               135.190000                 -2.178300
29.662600               134.610000                 -2.139300
29.787200               134.030000                 -2.105200
29.911900               133.320000                 -2.134400
30.036500               132.740000                 -2.186400
30.161100               132.150000                 -2.178300
30.285800               131.450000                 -2.152300
30.410400               130.870000                 -2.127900
30.535000               130.280000                 -2.105200
30.659700               129.700000                 -2.067900
30.784300               129.000000                 -2.030600
30.908900               128.410000                 -1.981900
31.033600               127.710000                 -1.936400
31.158200               127.010000                 -1.902300
31.282800               126.190000                 -1.895800
31.407500               125.720000                 -1.904000
31.532100               125.250000                 -1.895800
31.656700               124.440000                 -1.850400
31.781400               123.850000                 -1.793600
31.906000               123.150000                 -1.746500
32.030600               122.560000                 -1.709200
32.155300               121.980000                 -1.689700
32.279900               121.390000                 -1.696200
32.404500               120.810000                 -1.757900
32.529200               119.990000                 -1.808200
32.653800               119.520000                 -1.813100
32.778400               118.820000                 -1.796800
32.903100               118.120000                 -1.783800
33.027700               117.530000                 -1.790300
33.152300               116.950000                 -1.772500
33.277000               116.360000                 -1.738400
33.401600               115.660000                 -1.702700
33.526200               115.080000                 -1.652400
33.650900               114.490000                 -1.608500
33.775500               113.790000                 -1.571200
33.900100               113.330000                 -1.558200
34.024700               112.620000                 -1.564700
34.149400               112.040000                 -1.568000
34.274000               111.450000                 -1.563100
34.398600               110.870000                 -1.525800
34.523300               110.170000                 -1.490100
34.647900               109.470000                 -1.457600
34.772500               109.000000                 -1.438100
34.897200               108.300000                 -1.423500
35.021800               107.590000                 -1.417000
35.146400               107.130000                 -1.407300
35.271100               106.540000                 -1.400800
35.395700               105.720000                 -1.394300
35.520300               105.250000                 -1.391000
35.645000               104.670000                 -1.441400
35.769600               104.080000                 -1.524100
35.894200               103.500000                 -1.569600
36.018900               102.800000                 -1.581000
36.143500               102.210000                 -1.577700
36.268100               101.630000                 -1.563100
36.392800               100.810000                 -1.584200
36.517400               100.230000                 -1.631300
36.642000               99.641000                 -1.647500
36.766700               98.940000                 -1.582600
36.891300               98.355000                 -1.501400
37.015900               97.536000                 -1.470600
37.140600               96.951000                 -1.478700
37.265200               96.250000                 -1.511100
37.389800               95.782000                 -1.551700
37.514500               95.080000                 -1.555000
37.639100               94.496000                 -1.553400
37.763700               93.794000                 -1.556600
37.888400               93.209000                 -1.566300
38.013000               92.624000                 -1.582600
38.137600               92.040000                 -1.579300
38.262300               91.455000                 -1.576100
38.386900               90.753000                 -1.571200
38.511500               90.168000                 -1.566300
38.636200               89.584000                 -1.574400
38.760800               89.116000                 -1.571200
38.885400               88.297000                 -1.551700
39.010100               87.713000                 -1.561500
39.134700               87.128000                 -1.592300
39.259300               86.543000                 -1.676700
39.384000               85.841000                 -1.798500
39.508600               85.257000                 -1.990000
39.633200               84.789000                 -2.108500
39.757900               84.204000                 -2.204200
39.882500               83.502000                 -2.330800
40.007100               82.801000                 -2.413600
40.131800               82.216000                 -2.402300
40.256400               81.631000                 -2.332500
40.381000               81.046000                 -2.262700
40.505700               80.462000                 -2.212300
40.630300               79.877000                 -2.158800
40.754900               79.175000                 -2.082500
40.879600               78.590000                 -2.006200
41.004200               78.006000                 -1.936400
41.128800               77.304000                 -1.878000
41.253400               76.719000                 -1.827700
41.378100               76.135000                 -1.775700
41.502700               75.550000                 -1.723800
41.627300               74.848000                 -1.686500
41.752000               74.263000                 -1.658900
41.876600               73.561000                 -1.634500
42.001200               72.977000                 -1.624800
42.125900               72.041000                 -1.623200
42.250500               71.573000                 -1.654000
42.375100               71.106000                 -1.688100
42.499800               70.287000                 -1.692900
42.624400               69.585000                 -1.675100
42.749000               69.118000                 -1.652400
42.873700               68.416000                 -1.657200
42.998300               67.831000                 -1.667000
43.122900               67.129000                 -1.675100
43.247600               66.778000                 -1.684800
43.372200               66.194000                 -1.675100
43.496800               65.258000                 -1.652400
43.621500               64.790000                 -1.628000
43.746100               64.089000                 -1.628000
43.870700               63.387000                 -1.616700
43.995400               62.802000                 -1.597200
44.120000               62.217000                 -1.576100
44.244600               61.516000                 -1.538700
44.369300               60.931000                 -1.494900
44.493900               60.346000                 -1.467300
44.618500               59.761000                 -1.447900
44.743200               59.060000                 -1.441400
44.867800               58.475000                 -1.456000
44.992400               57.890000                 -1.465700
45.117100               57.188000                 -1.473800
45.241700               56.604000                 -1.473800
45.366300               56.019000                 -1.462500
45.491000               55.434000                 -1.444600
45.615600               54.850000                 -1.439700
45.740200               54.148000                 -1.457600
45.864900               53.563000                 -1.494900
45.989500               52.978000                 -1.525800
46.114100               52.160000                 -1.538700
46.238800               51.692000                 -1.527400
46.363400               51.107000                 -1.522500
46.488000               50.406000                 -1.511100
46.612700               49.587000                 -1.490100
46.737300               49.236000                 -1.465700
46.861900               48.417000                 -1.452700
46.986600               47.950000                 -1.452700
47.111200               47.482000                 -1.478700
47.235800               46.663000                 -1.517600
47.360500               45.844000                 -1.509500
47.485100               45.611000                 -1.459200
47.609700               44.909000                 -1.408900
47.734400               44.207000                 -1.378000
47.859000               43.622000                 -1.368300
47.983600               42.687000                 -1.360200
48.108300               42.336000                 -1.366700
48.232900               41.517000                 -1.376400
48.357500               40.816000                 -1.374800
48.482200               40.231000                 -1.374800
48.606800               39.646000                 -1.369900
48.731400               39.061000                 -1.379700
48.856000               38.360000                 -1.391000
48.980700               37.775000                 -1.417000
49.105300               37.190000                 -1.423500
49.229900               36.605000                 -1.418600
49.354600               36.021000                 -1.412100
49.479200               35.319000                 -1.410500
49.603800               34.734000                 -1.431600
49.728500               34.149000                 -1.446200
49.853100               33.565000                 -1.451100
49.977700               32.863000                 -1.441400
50.102400               32.278000                 -1.444600
50.227000               31.693000                 -1.477100
50.351600               31.109000                 -1.532200
50.476300               30.524000                 -1.605300
50.600900               29.939000                 -1.697800
50.725500               29.238000                 -1.727000
50.850200               28.653000                 -1.691300
50.974800               28.068000                 -1.668600
51.099400               27.366000                 -1.668600
51.224100               26.782000                 -1.658900
51.348700               26.197000                 -1.632900
51.473300               25.495000                 -1.593900
51.598000               24.910000                 -1.551700
51.722600               24.326000                 -1.527400
51.847200               23.624000                 -1.520900
51.971900               22.922000                 -1.520900
52.096500               22.454000                 -1.516000
52.221100               21.753000                 -1.529000
52.345800               21.051000                 -1.525800
52.470400               20.232000                 -1.516000
52.595000               19.881000                 -1.498200
52.719700               19.297000                 -1.491700
52.844300               18.829000                 -1.490100
52.968900               17.776000                 -1.490100
53.093600               17.543000                 -1.475400
53.218200               16.490000                 -1.493300
53.342800               16.022000                 -1.525800
53.467500               15.320000                 -1.568000
53.592100               14.853000                 -1.597200
53.716700               14.034000                 -1.605300
53.841400               14.619000                 -1.613400
53.966000               13.683000                 -1.628000
54.090600               13.332000                 -1.615000
54.215300               12.514000                 -1.569600
54.339900               11.929000                 -1.525800
54.464500               11.461000                 -1.517600
54.589200               10.759000                 -1.527400
54.713800               9.940700                 -1.533900
54.838400               9.473000                 -1.516000
54.963100               8.654300                 -1.490100
55.087700               8.069500                 -1.462500
55.212300               7.484800                 -1.447900
55.337000               6.900100                 -1.436500
55.461600               6.198300                 -1.425100
55.586200               5.496600                 -1.417000
55.710900               4.911900                 -1.436500
55.835500               4.327100                 -1.464100
55.960100               3.742400                 -1.467300
56.084800               3.040700                 -1.467300
56.209400               2.456000                 -1.464100
56.334000               1.871200                 -1.480300
56.458600               1.286500                 -1.509500
56.583300               0.584750                 -1.519300
56.707900               0.000000                 -1.529000
56.832500               -0.584750                 -1.538700
56.957200               -1.169500                 -1.546900
57.081800               -1.871200                 -1.546900
57.206400               -2.456000                 -1.548500
57.331100               -3.040700                 -1.535500
57.455700               -3.625400                 -1.527400
57.580300               -4.327100                 -1.512800
57.705000               -4.911900                 -1.511100
57.829600               -5.496600                 -1.517600
57.954200               -6.081400                 -1.527400
58.078900               -6.783100                 -1.550100
58.203500               -7.367800                 -1.558200
58.328100               -7.952600                 -1.553400
58.452800               -8.537300                 -1.559800
58.577400               -9.356000                 -1.571200
58.702000               -10.292000                 -1.593900
58.826700               -10.876000                 -1.597200
58.951300               -11.578000                 -1.563100
59.075900               -12.631000                 -1.525800
59.200600               -13.332000                 -1.522500
59.325200               -14.151000                 -1.564700
59.449800               -15.087000                 -1.592300
59.574500               -15.788000                 -1.592300
59.699100               -16.607000                 -1.595600
59.823700               -17.543000                 -1.571200
59.948400               -17.776000                 -1.520900
60.073000               -18.244000                 -1.496500
60.197600               -18.829000                 -1.503000
60.322300               -19.414000                 -1.516000
60.446900               -19.765000                 -1.519300
60.571500               -20.115000                 -1.504700
60.696200               -20.817000                 -1.488400
60.820800               -21.285000                 -1.470600
60.945400               -21.870000                 -1.444600
61.070100               -22.454000                 -1.418600
61.194700               -23.156000                 -1.395900
61.319300               -23.741000                 -1.387800
61.444000               -24.326000                 -1.392700
61.568600               -24.910000                 -1.389400
61.693200               -25.495000                 -1.371600
61.817900               -26.197000                 -1.342300
61.942500               -26.782000                 -1.348800
62.067100               -27.366000                 -1.420300
62.191800               -27.951000                 -1.546900
62.316400               -28.653000                 -1.692900
62.441000               -29.121000                 -1.821200
62.565700               -29.822000                 -1.910400
62.690300               -30.407000                 -1.933200
62.814900               -31.109000                 -1.910400
62.939600               -31.576000                 -1.892600
63.064200               -32.512000                 -1.860100
63.188800               -32.980000                 -1.814700
63.313500               -33.565000                 -1.774100
63.438100               -34.383000                 -1.731900
63.562700               -34.734000                 -1.701100
63.687400               -35.436000                 -1.671800
63.812000               -36.255000                 -1.658900
63.936600               -36.722000                 -1.676700
64.061200               -37.424000                 -1.754600
64.185900               -38.126000                 -1.798500
64.310500               -38.711000                 -1.775700
64.435100               -39.412000                 -1.735100
64.559800               -39.997000                 -1.701100
64.684400               -40.582000                 -1.670200
64.809000               -41.283000                 -1.647500
64.933700               -41.868000                 -1.655600
65.058300               -42.453000                 -1.704300
65.182900               -43.038000                 -1.772500
65.307600               -43.622000                 -1.806600
65.432200               -44.207000                 -1.816300
65.556800               -44.909000                 -1.814700
65.681500               -45.493000                 -1.819600
65.806100               -46.078000                 -1.824400
65.930700               -46.663000                 -1.843900
66.055400               -47.248000                 -1.882800
66.180000               -47.950000                 -1.944500
66.304600               -48.534000                 -1.985100
66.429300               -49.119000                 -1.996500
66.553900               -49.821000                 -2.032200
66.678500               -50.406000                 -2.097100
66.803200               -50.990000                 -2.157200
66.927800               -51.575000                 -2.194500
67.052400               -52.160000                 -2.214000
67.177100               -52.745000                 -2.222100
67.301700               -53.446000                 -2.231800
67.426300               -54.031000                 -2.248100
67.551000               -54.616000                 -2.228600
67.675600               -55.200000                 -2.181500
67.800200               -55.785000                 -2.134400
67.924900               -56.370000                 -2.082500
68.049500               -57.072000                 -2.032200
68.174100               -57.656000                 -1.980200
68.298800               -58.241000                 -1.918600
68.423400               -58.826000                 -1.895800
68.548000               -59.645000                 -1.910400
68.672700               -60.112000                 -1.929900
68.797300               -60.697000                 -1.986700
68.921900               -61.282000                 -2.082500
69.046600               -62.100000                 -2.110100
69.171200               -62.568000                 -2.093900
69.295800               -63.153000                 -2.030600
69.420500               -63.738000                 -1.957500
69.545100               -64.323000                 -1.907200
69.669700               -65.024000                 -1.869900
69.794400               -65.492000                 -1.860100
69.919000               -66.194000                 -1.895800
70.043600               -66.778000                 -1.977000
70.168300               -67.363000                 -2.074400
70.292900               -68.065000                 -2.171800
70.417500               -68.767000                 -2.236700
70.542200               -69.702000                 -2.264300
70.666800               -69.936000                 -2.254600
70.791400               -70.755000                 -2.228600
70.916100               -71.573000                 -2.181500
71.040700               -72.158000                 -2.142600
71.165300               -72.743000                 -2.132800
71.289900               -73.211000                 -2.113300
71.414600               -73.912000                 -2.054900
71.539200               -74.614000                 -2.001300
71.663800               -75.199000                 -1.957500
71.788500               -75.784000                 -1.928300
71.913100               -76.368000                 -1.916900
72.037700               -77.070000                 -1.938000
72.162400               -77.655000                 -1.983500
72.287000               -78.240000                 -1.999700
72.411600               -78.824000                 -1.980200
72.536300               -79.526000                 -1.933200
72.660900               -80.111000                 -1.882800
72.785500               -80.695000                 -1.855300
72.910200               -81.280000                 -1.847100
73.034800               -81.865000                 -1.882800
73.159400               -82.450000                 -1.925000
73.284100               -83.151000                 -1.926700
73.408700               -83.736000                 -1.912100
73.533300               -84.321000                 -1.897500
73.658000               -84.906000                 -1.873100
73.782600               -85.490000                 -1.837400
73.907200               -86.192000                 -1.800100
74.031900               -86.777000                 -1.774100
74.156500               -87.362000                 -1.766000
74.281100               -87.946000                 -1.775700
74.405800               -88.531000                 -1.814700
74.530400               -89.233000                 -1.866600
74.655000               -89.818000                 -1.915300
74.779700               -90.402000                 -1.929900
74.904300               -90.987000                 -1.920200
75.028900               -91.572000                 -1.899100
75.153600               -92.274000                 -1.886100
75.278200               -92.858000                 -1.899100
75.402800               -93.560000                 -1.928300
75.527500               -94.028000                 -2.001300
75.652100               -94.730000                 -2.139300
75.776700               -95.665000                 -2.270800
75.901400               -95.899000                 -2.361700
76.026000               -96.951000                 -2.374700
76.150600               -97.536000                 -2.363300
76.275300               -98.238000                 -2.347100
76.399900               -98.823000                 -2.321100
76.524500               -99.525000                 -2.293500
76.649200               -99.992000                 -2.264300
76.773800               -100.580000                 -2.244800
76.898400               -101.280000                 -2.227000
77.023100               -101.860000                 -2.205900
77.147700               -102.330000                 -2.199400
77.272300               -103.150000                 -2.220500
77.397000               -103.730000                 -2.246400
77.521600               -104.320000                 -2.272400
77.646200               -104.900000                 -2.308100
77.770900               -105.490000                 -2.334100
77.895500               -106.070000                 -2.335700
78.020100               -106.780000                 -2.317900
78.144800               -107.360000                 -2.275700
78.269400               -107.940000                 -2.225300
78.394000               -108.530000                 -2.178300
78.518700               -109.230000                 -2.139300
78.643300               -109.820000                 -2.098700
78.767900               -110.400000                 -2.058100
78.892500               -110.990000                 -2.032200
79.017200               -111.690000                 -2.032200
79.141800               -112.270000                 -2.098700
79.266400               -112.860000                 -2.259400
79.391100               -113.440000                 -2.488300
79.515700               -114.140000                 -2.623000
79.640300               -114.960000                 -2.616500
79.765000               -115.430000                 -2.541900
79.889600               -116.250000                 -2.433100
80.014200               -116.480000                 -2.326000
80.138900               -117.300000                 -2.261100
