

Цикл № 1
Шаг  № 1
Точек  640
Линейная потенцио. развертка , Скорость развертки 5,0001 мВ/с.
Время, с.              Потенциал, мВ            Ток, мкА
0.124600               -0.350850                 -16.394000
0.249300               0.233900                 -13.087000
0.373900               0.701700                 -11.098000
0.498500               1.286500                 -9.747000
0.623200               1.871200                 -8.805600
0.747800               3.040700                 -8.159600
0.872400               3.508500                 -7.680700
0.997100               4.093300                 -7.309000
1.121700               4.911900                 -7.005500
1.246300               5.496600                 -6.710100
1.371000               6.081400                 -6.372500
1.495600               6.549200                 -6.026700
1.620200               7.367800                 -5.705400
1.744900               7.952600                 -5.431000
1.869500               8.537300                 -5.182700
1.994100               9.122100                 -4.939200
2.118800               9.589900                 -4.716900
2.243400               10.292000                 -4.549700
2.368000               10.876000                 -4.507500
2.492700               11.578000                 -4.496100
2.617300               12.163000                 -4.405200
2.741900               12.748000                 -4.288400
2.866600               13.449000                 -4.181200
2.991200               14.034000                 -4.085500
3.115800               14.619000                 -4.027000
3.240500               14.385000                 -3.980000
3.365100               15.204000                 -3.936100
3.489700               15.671000                 -3.876100
3.614400               16.490000                 -3.798200
3.739000               16.958000                 -3.702400
3.863600               17.659000                 -3.611500
3.988200               18.361000                 -3.525500
4.112900               18.946000                 -3.445900
4.237500               19.531000                 -3.377800
4.362100               20.115000                 -3.308000
4.486800               20.817000                 -3.247900
4.611400               21.402000                 -3.212200
4.736000               21.987000                 -3.197600
4.860700               22.571000                 -3.181400
4.985300               23.156000                 -3.144000
5.109900               23.741000                 -3.097000
5.234600               24.443000                 -3.054800
5.359200               25.027000                 -3.002800
5.483800               25.612000                 -2.936300
5.608500               26.314000                 -2.868100
5.733100               26.898000                 -2.812900
5.857700               27.483000                 -2.765800
5.982400               28.068000                 -2.743100
6.107000               28.770000                 -2.735000
6.231600               29.354000                 -2.778800
6.356300               29.939000                 -2.834000
6.480900               30.524000                 -2.853500
6.605500               31.226000                 -2.837300
6.730200               31.810000                 -2.788600
6.854800               32.395000                 -2.733400
6.979400               32.980000                 -2.666800
7.104100               33.565000                 -2.600300
7.228700               34.266000                 -2.562900
7.353300               34.851000                 -2.537000
7.478000               35.436000                 -2.512600
7.602600               36.021000                 -2.480200
7.727200               36.605000                 -2.470400
7.851900               37.307000                 -2.485000
7.976500               37.892000                 -2.507800
8.101100               38.477000                 -2.506100
8.225800               39.061000                 -2.496400
8.350400               39.763000                 -2.488300
8.475000               40.465000                 -2.480200
8.599700               41.166000                 -2.447700
8.724300               41.985000                 -2.410400
8.848900               42.453000                 -2.381200
8.973600               43.038000                 -2.356800
9.098200               43.856000                 -2.342200
9.222800               44.558000                 -2.351900
9.347500               45.143000                 -2.373000
9.472100               45.727000                 -2.377900
9.596700               46.312000                 -2.386000
9.721400               46.897000                 -2.431500
9.846000               47.599000                 -2.489900
9.970600               48.183000                 -2.527200
10.095300               48.768000                 -2.525600
10.219900               49.353000                 -2.532100
10.344500               49.938000                 -2.603500
10.469200               50.522000                 -2.658700
10.593800               51.224000                 -2.673300
10.718400               51.809000                 -2.673300
10.843100               52.394000                 -2.658700
10.967700               53.095000                 -2.650600
11.092300               53.680000                 -2.639200
11.217000               54.265000                 -2.621400
11.341600               54.850000                 -2.608400
11.466200               55.434000                 -2.605200
11.590800               56.136000                 -2.613300
11.715500               56.721000                 -2.618100
11.840100               57.306000                 -2.614900
11.964700               58.007000                 -2.611700
12.089400               58.592000                 -2.588900
12.214000               59.177000                 -2.558100
12.338600               59.761000                 -2.522400
12.463300               60.346000                 -2.493200
12.587900               61.048000                 -2.483400
12.712500               61.633000                 -2.470400
12.837200               62.217000                 -2.439600
12.961800               63.036000                 -2.405500
13.086400               63.855000                 -2.360100
13.211100               64.556000                 -2.319500
13.335700               65.258000                 -2.303200
13.460300               65.843000                 -2.308100
13.585000               66.428000                 -2.327600
13.709600               66.895000                 -2.363300
13.834200               67.480000                 -2.405500
13.958900               68.065000                 -2.413600
14.083500               68.883000                 -2.392500
14.208100               69.351000                 -2.360100
14.332800               70.053000                 -2.326000
14.457400               70.638000                 -2.293500
14.582000               71.222000                 -2.246400
14.706700               71.924000                 -2.188000
14.831300               72.509000                 -2.145800
14.955900               73.094000                 -2.113300
15.080600               73.796000                 -2.095500
15.205200               74.380000                 -2.085700
15.329800               74.965000                 -2.079300
15.454500               75.550000                 -2.071100
15.579100               76.251000                 -2.061400
15.703700               76.836000                 -2.045200
15.828400               77.421000                 -2.028900
15.953000               78.006000                 -2.011100
16.077600               78.707000                 -1.981900
16.202300               79.292000                 -1.965600
16.326900               79.877000                 -1.964000
16.451500               80.462000                 -1.980200
16.576200               81.046000                 -1.981900
16.700800               81.748000                 -1.986700
16.825400               82.450000                 -2.028900
16.950100               82.918000                 -2.197700
17.074700               83.502000                 -2.444500
17.199300               84.204000                 -2.574300
17.324000               84.789000                 -2.673300
17.448600               85.490000                 -2.757700
17.573200               85.958000                 -2.795100
17.697900               86.660000                 -2.775600
17.822500               87.245000                 -2.689600
17.947100               87.829000                 -2.653800
18.071800               88.414000                 -2.684700
18.196400               88.999000                 -2.743100
18.321000               89.818000                 -2.803200
18.445700               90.402000                 -2.762600
18.570300               90.870000                 -2.658700
18.694900               91.455000                 -2.580800
18.819500               92.040000                 -2.535400
18.944200               92.741000                 -2.483400
19.068800               93.326000                 -2.410400
19.193400               93.911000                 -2.334100
19.318100               94.496000                 -2.251300
19.442700               95.080000                 -2.188000
19.567300               95.899000                 -2.162000
19.692000               96.484000                 -2.162000
19.816600               97.069000                 -2.197700
19.941200               97.770000                 -2.298400
20.065900               98.589000                 -2.407100
20.190500               99.174000                 -2.428200
20.315100               99.758000                 -2.402300
20.439800               100.460000                 -2.407100
20.564400               101.160000                 -2.410400
20.689000               101.750000                 -2.392500
20.813700               102.330000                 -2.376300
20.938300               103.030000                 -2.389300
21.062900               103.620000                 -2.434700
21.187600               104.200000                 -2.476900
21.312200               104.790000                 -2.507800
21.436800               105.370000                 -2.491500
21.561500               105.960000                 -2.425000
21.686100               106.660000                 -2.374700
21.810700               107.240000                 -2.351900
21.935400               107.830000                 -2.332500
22.060000               108.410000                 -2.308100
22.184600               109.000000                 -2.283800
22.309300               109.700000                 -2.256200
22.433900               110.280000                 -2.252900
22.558500               110.870000                 -2.249700
22.683200               111.450000                 -2.217200
22.807800               112.160000                 -2.163700
22.932400               112.860000                 -2.115000
23.057100               113.330000                 -2.092200
23.181700               113.910000                 -2.072800
23.306300               114.610000                 -2.050000
23.431000               115.310000                 -2.038700
23.555600               115.780000                 -2.043500
23.680200               116.600000                 -2.090600
23.804900               117.070000                 -2.231800
23.929500               117.650000                 -2.444500
24.054100               118.350000                 -2.567800
24.178800               119.060000                 -2.550000
24.303400               119.520000                 -2.528900
24.428000               120.340000                 -2.524000
24.552700               120.930000                 -2.468800
24.677300               121.510000                 -2.361700
24.801900               122.330000                 -2.272400
24.926600               123.030000                 -2.227000
25.051200               123.500000                 -2.210700
25.175800               124.080000                 -2.209100
25.300500               124.790000                 -2.215600
25.425100               125.370000                 -2.233400
25.549700               126.070000                 -2.322700
25.674400               126.660000                 -2.403900
25.799000               127.120000                 -2.368200
25.923600               127.940000                 -2.291900
26.048300               128.530000                 -2.222100
26.172900               129.110000                 -2.165300
26.297500               129.700000                 -2.147400
26.422100               130.400000                 -2.176600
26.546800               130.980000                 -2.233400
26.671400               131.570000                 -2.264300
26.796000               132.270000                 -2.251300
26.920700               132.850000                 -2.171800
27.045300               133.440000                 -2.061400
27.169900               134.030000                 -2.033800
27.294600               134.610000                 -2.085700
27.419200               135.310000                 -2.238300
27.543800               135.900000                 -2.441200
27.668500               136.480000                 -2.618100
27.793100               137.060000                 -2.748000
27.917700               137.650000                 -2.829100
28.042400               138.350000                 -2.864900
28.167000               138.940000                 -2.902200
28.291600               139.520000                 -2.962300
28.416300               140.220000                 -3.006100
28.540900               140.810000                 -3.019100
28.665500               141.390000                 -2.997900
28.790200               141.980000                 -2.944400
28.914800               142.560000                 -2.877800
29.039400               143.150000                 -2.796700
29.164100               143.850000                 -2.738200
29.288700               144.430000                 -2.713900
29.413300               145.130000                 -2.731800
29.538000               146.070000                 -2.748000
29.662600               146.540000                 -2.738200
29.787200               147.010000                 -2.670100
29.911900               147.820000                 -2.567800
30.036500               148.290000                 -2.470400
30.161100               148.990000                 -2.386000
30.285800               149.700000                 -2.324300
30.410400               150.400000                 -2.291900
30.535000               151.100000                 -2.251300
30.659700               151.680000                 -2.227000
30.784300               152.270000                 -2.220500
30.908900               152.850000                 -2.251300
31.033600               153.560000                 -2.311400
31.158200               154.140000                 -2.387600
31.282800               154.720000                 -2.442800
31.407500               155.310000                 -2.452600
31.532100               155.890000                 -2.423400
31.656700               156.480000                 -2.386000
31.781400               157.180000                 -2.345500
31.906000               157.770000                 -2.316200
32.030600               158.350000                 -2.291900
32.155300               158.940000                 -2.280500
32.279900               159.640000                 -2.248100
32.404500               160.220000                 -2.197700
32.529200               160.810000                 -2.155500
32.653800               161.390000                 -2.129600
32.778400               162.090000                 -2.105200
32.903100               162.680000                 -2.069500
33.027700               163.260000                 -2.020800
33.152300               163.850000                 -1.975400
33.277000               164.430000                 -1.936400
33.401600               165.020000                 -1.913700
33.526200               165.720000                 -1.899100
33.650900               166.300000                 -1.892600
33.775500               166.890000                 -1.887700
33.900100               167.470000                 -1.879600
34.024700               168.170000                 -1.863400
34.149400               168.760000                 -1.861800
34.274000               169.340000                 -1.894200
34.398600               169.930000                 -1.952600
34.523300               170.630000                 -2.030600
34.647900               171.220000                 -2.106900
34.772500               171.800000                 -2.158800
34.897200               172.380000                 -2.189600
35.021800               173.090000                 -2.220500
35.146400               173.670000                 -2.236700
35.271100               174.260000                 -2.212300
35.395700               174.840000                 -2.137700
35.520300               175.540000                 -2.097100
35.645000               176.130000                 -2.064600
35.769600               176.710000                 -2.011100
35.894200               177.300000                 -2.009500
36.018900               177.880000                 -2.119800
36.143500               178.700000                 -2.262700
36.268100               179.170000                 -2.358400
36.392800               179.750000                 -2.429900
36.517400               180.340000                 -2.488300
36.642000               181.040000                 -2.517500
36.766700               181.620000                 -2.515900
36.891300               182.210000                 -2.498000
37.015900               182.790000                 -2.470400
37.140600               183.500000                 -2.395800
37.265200               184.430000                 -2.317900
37.389800               184.900000                 -2.269200
37.514500               185.480000                 -2.249700
37.639100               186.070000                 -2.220500
37.763700               186.650000                 -2.155500
37.888400               187.470000                 -2.127900
38.013000               188.170000                 -2.153900
38.137600               188.640000                 -2.194500
38.262300               189.220000                 -2.256200
38.386900               190.040000                 -2.304900
38.511500               190.630000                 -2.343800
38.636200               191.210000                 -2.306500
38.760800               191.910000                 -2.259400
38.885400               192.500000                 -2.238300
39.010100               193.080000                 -2.231800
39.134700               193.670000                 -2.262700
39.259300               194.250000                 -2.298400
39.384000               194.960000                 -2.295100
39.508600               195.540000                 -2.304900
39.633200               196.120000                 -2.287000
39.757900               196.830000                 -2.222100
39.882500               197.410000                 -2.123100
40.007100               198.000000                 -2.030600
40.131800               198.580000                 -1.962400
40.256400               199.170000                 -1.908800
40.381000               199.750000                 -1.853600
40.505700               200.450000                 -1.800100
40.630300               201.040000                 -1.761100
40.754900               201.620000                 -1.728700
40.879600               202.210000                 -1.696200
41.004200               202.790000                 -1.650700
41.128800               203.380000                 -1.634500
41.253400               204.080000                 -1.683200
41.378100               204.660000                 -1.775700
41.502700               205.250000                 -1.868200
41.627300               205.950000                 -1.912100
41.752000               206.530000                 -1.916900
41.876600               207.120000                 -1.933200
42.001200               207.700000                 -1.926700
42.125900               208.520000                 -1.879600
42.250500               208.990000                 -1.814700
42.375100               209.690000                 -1.754600
42.499800               210.280000                 -1.686500
42.624400               211.210000                 -1.629600
42.749000               211.680000                 -1.563100
42.873700               212.500000                 -1.516000
42.998300               213.080000                 -1.486800
43.122900               213.780000                 -1.503000
43.247600               214.370000                 -1.522500
43.372200               214.950000                 -1.546900
43.496800               215.540000                 -1.501400
43.621500               216.120000                 -1.431600
43.746100               216.820000                 -1.357000
43.870700               217.410000                 -1.300100
43.995400               218.000000                 -1.243300
44.120000               218.580000                 -1.207600
44.244600               219.280000                 -1.175200
44.369300               219.870000                 -1.126500
44.493900               220.450000                 -1.110200
44.618500               221.040000                 -1.124800
44.743200               221.740000                 -1.173500
44.867800               222.320000                 -1.240100
44.992400               222.910000                 -1.295300
45.117100               223.490000                 -1.314800
45.241700               224.190000                 -1.309900
45.366300               224.780000                 -1.295300
45.491000               225.360000                 -1.280700
45.615600               225.950000                 -1.280700
45.740200               226.530000                 -1.266100
45.864900               227.230000                 -1.270900
45.989500               227.820000                 -1.293600
46.114100               228.400000                 -1.305000
46.238800               228.990000                 -1.298500
46.363400               229.570000                 -1.283900
46.488000               230.390000                 -1.319600
46.612700               230.860000                 -1.441400
46.737300               231.440000                 -1.525800
46.861900               232.380000                 -1.512800
46.986600               232.730000                 -1.524100
47.111200               233.550000                 -1.572800
47.235800               234.020000                 -1.537100
47.360500               234.490000                 -1.428400
47.485100               235.420000                 -1.352100
47.609700               235.890000                 -1.337500
47.734400               236.470000                 -1.410500
47.859000               237.060000                 -1.485200
47.983600               237.760000                 -1.652400
48.108300               238.460000                 -1.881200
48.232900               239.280000                 -2.020800
48.357500               239.750000                 -2.205900
48.482200               240.570000                 -2.337300
48.606800               241.150000                 -2.478500
48.731400               241.740000                 -2.946000
48.856000               242.320000                 -2.993100
48.980700               242.910000                 -2.911900
49.105300               243.490000                 -2.668500
49.229900               244.190000                 -2.364900
49.354600               244.780000                 -2.127900
49.479200               245.240000                 -1.939700
49.603800               245.590000                 -1.723800
49.728500               246.530000                 -1.517600
49.853100               247.230000                 -1.322900
49.977700               247.580000                 -1.149200
50.102400               248.280000                 -0.993370
50.227000               248.990000                 -0.868380
50.351600               249.690000                 -0.762880
50.476300               250.270000                 -0.662240
50.600900               250.860000                 -0.576220
50.725500               251.560000                 -0.521030
50.850200               252.140000                 -0.436630
50.974800               252.730000                 -0.391180
51.099400               253.310000                 -0.340860
51.224100               254.010000                 -0.361960
51.348700               254.600000                 -0.405790
51.473300               255.190000                 -0.462600
51.598000               255.770000                 -0.478830
51.722600               256.350000                 -0.496680
51.847200               257.060000                 -0.480450
51.971900               257.640000                 -0.436630
52.096500               258.230000                 -0.326250
52.221100               258.810000                 -0.280800
52.345800               259.390000                 -0.217500
52.470400               259.980000                 -0.168810
52.595000               260.680000                 -0.123360
52.719700               261.270000                 -0.118490
52.844300               261.850000                 -0.110370
52.968900               262.550000                 -0.092520
53.093600               263.370000                 -0.053560
53.218200               263.720000                 -0.040580
53.342800               264.420000                 -0.038960
53.467500               265.130000                 -0.021100
53.592100               265.940000                 0.048690
53.716700               266.650000                 0.110370
53.841400               267.350000                 0.163940
53.966000               267.930000                 0.201270
54.090600               268.520000                 0.201270
54.215300               269.220000                 0.178550
54.339900               269.800000                 0.146080
54.464500               270.390000                 0.105500
54.589200               270.970000                 0.121740
54.713800               271.560000                 0.170430
54.838400               272.140000                 0.230490
54.963100               272.840000                 0.300280
55.087700               273.430000                 0.360340
55.212300               274.010000                 0.407410
55.337000               274.600000                 0.417150
55.461600               275.180000                 0.425260
55.586200               275.880000                 0.446370
55.710900               276.470000                 0.496680
55.835500               277.060000                 0.558360
55.960100               277.760000                 0.620040
56.084800               278.340000                 0.665490
56.209400               278.930000                 0.738530
56.334000               279.510000                 0.735290
56.458600               280.210000                 0.741780
56.583300               280.800000                 0.746650
56.707900               281.380000                 0.783980
56.832500               281.970000                 0.829430
56.957200               282.550000                 0.834300
57.081800               283.250000                 0.806700
57.206400               283.840000                 0.808330
57.331100               284.420000                 0.795340
57.455700               285.120000                 0.783980
57.580300               285.710000                 0.766130
57.705000               286.290000                 0.788850
57.829600               287.110000                 0.844040
57.954200               287.930000                 0.882990
58.078900               288.630000                 0.913830
58.203500               289.220000                 0.967400
58.328100               289.570000                 0.994990
58.452800               290.270000                 1.019300
58.577400               290.970000                 1.030700
58.702000               291.440000                 1.066400
58.826700               292.140000                 1.124800
58.951300               292.840000                 1.145900
59.075900               293.310000                 1.142700
59.200600               293.890000                 1.170300
59.325200               294.600000                 1.188100
59.449800               295.180000                 1.206000
59.574500               296.000000                 1.204400
59.699100               296.350000                 1.217400
59.823700               297.290000                 1.225500
59.948400               297.870000                 1.238500
60.073000               298.460000                 1.243300
60.197600               299.160000                 1.267700
60.322300               299.740000                 1.266100
60.446900               300.330000                 1.253100
60.571500               300.910000                 1.232000
60.696200               301.500000                 1.232000
60.820800               302.200000                 1.223900
60.945400               302.780000                 1.220600
61.070100               303.370000                 1.197900
61.194700               303.950000                 1.201100
61.319300               304.650000                 1.189800
61.444000               305.240000                 1.196300
61.568600               305.940000                 1.210900
61.693200               306.530000                 1.207600
61.817900               307.110000                 1.199500
61.942500               307.690000                 1.204400
62.067100               308.400000                 1.186500
62.191800               308.980000                 1.191400
62.316400               309.570000                 1.186500
62.441000               310.150000                 1.188100
62.565700               310.740000                 1.176800
62.690300               311.440000                 1.183300
62.814900               312.140000                 1.186500
62.939600               312.610000                 1.189800
63.064200               313.190000                 1.181700
63.188800               313.890000                 1.189800
63.313500               314.600000                 1.183300
63.438100               315.300000                 1.180000
63.562700               315.650000                 1.168700
63.687400               316.580000                 1.168700
63.812000               317.050000                 1.155700
63.936600               317.750000                 1.152400
64.061200               318.340000                 1.136200
64.185900               318.690000                 1.134600
64.310500               319.510000                 1.144300
64.435100               319.980000                 1.126500
64.559800               320.560000                 1.120000
64.684400               321.140000                 1.116700
64.809000               321.850000                 1.123200
64.933700               322.430000                 1.144300
65.058300               323.020000                 1.150800
65.182900               323.600000                 1.155700
65.307600               324.420000                 1.155700
65.432200               325.120000                 1.163800
65.556800               325.470000                 1.155700
65.681500               326.520000                 1.147600
65.806100               327.110000                 1.139500
65.930700               327.810000                 1.139500
66.055400               328.280000                 1.163800
66.180000               328.980000                 1.176800
66.304600               329.560000                 1.154100
66.429300               329.800000                 1.115100
66.553900               330.740000                 1.095600
66.678500               331.320000                 1.069600
66.803200               332.020000                 1.051800
66.927800               332.720000                 1.058300
67.052400               333.190000                 1.042100
67.177100               333.890000                 1.021000
67.301700               334.590000                 1.022600
67.426300               335.180000                 1.017700
67.551000               335.760000                 1.012800
67.675600               336.350000                 1.004700
67.800200               337.050000                 1.014500
67.924900               337.630000                 1.019300
68.049500               338.220000                 1.012800
68.174100               338.800000                 0.996610
68.298800               339.390000                 0.977140
68.423400               340.090000                 0.962530
68.548000               340.680000                 0.949540
68.672700               341.260000                 0.926820
68.797300               341.960000                 0.910590
68.921900               342.550000                 0.915460
69.046600               343.130000                 0.939800
69.171200               343.720000                 0.946300
69.295800               344.300000                 0.947920
69.420500               345.000000                 0.938180
69.545100               345.590000                 0.925190
69.669700               346.170000                 0.921950
69.794400               346.990000                 0.897600
69.919000               347.570000                 0.874880
70.043600               348.160000                 0.868380
70.168300               348.750000                 0.863510
70.292900               349.330000                 0.876500
70.417500               350.030000                 0.878120
70.542200               350.500000                 0.887860
70.666800               351.200000                 0.879750
70.791400               351.670000                 0.874880
70.916100               352.720000                 0.905720
71.040700               353.190000                 0.938180
71.165300               353.770000                 0.959280
71.289900               354.480000                 0.967400
71.414600               355.180000                 0.964150
71.539200               355.640000                 0.969020
71.663800               356.460000                 0.957660
71.788500               356.930000                 0.944670
71.913100               357.750000                 0.930060
72.037700               358.330000                 0.943050
72.162400               358.920000                 0.936560
72.287000               359.620000                 0.931690
72.411600               360.210000                 0.923570
72.536300               360.790000                 0.900850
72.660900               361.490000                 0.886240
72.785500               362.080000                 0.873250
72.910200               362.660000                 0.848910
73.034800               363.250000                 0.831050
73.159400               363.950000                 0.819690
73.284100               364.530000                 0.827810
73.408700               365.120000                 0.852150
73.533300               365.700000                 0.895980
73.658000               366.400000                 0.930060
73.782600               366.870000                 0.956030
73.907200               367.570000                 0.957660
74.031900               368.160000                 0.949540
74.156500               368.740000                 0.934930
74.281100               369.440000                 0.917080
74.405800               370.030000                 0.887860
74.530400               370.620000                 0.873250
74.655000               371.200000                 0.852150
74.779700               371.900000                 0.835920
74.904300               372.490000                 0.814820
75.028900               373.070000                 0.805080
75.153600               373.890000                 0.803460
75.278200               374.360000                 0.822940
75.402800               375.180000                 0.857020
75.527500               375.530000                 0.868380
75.652100               376.460000                 0.850530
75.776700               376.930000                 0.818070
75.901400               377.750000                 0.792100
76.026000               378.220000                 0.780730
76.150600               379.040000                 0.767750
76.275300               379.740000                 0.753140
76.399900               380.320000                 0.730420
76.524500               381.020000                 0.717430
76.649200               381.610000                 0.719050
76.773800               382.190000                 0.727170
76.898400               382.780000                 0.730420
77.023100               383.360000                 0.723920
77.147700               384.060000                 0.720680
77.272300               384.650000                 0.719050
77.397000               385.230000                 0.709320
77.521600               385.940000                 0.699580
77.646200               386.520000                 0.693080
77.770900               387.100000                 0.694710
77.895500               387.690000                 0.688210
78.020100               388.390000                 0.671980
78.144800               388.980000                 0.662240
78.269400               389.560000                 0.652510
78.394000               390.140000                 0.649260
78.518700               390.730000                 0.633030
78.643300               391.430000                 0.639520
78.767900               392.020000                 0.662240
78.892500               392.600000                 0.696330
79.017200               393.190000                 0.719050
79.141800               393.890000                 0.714190
79.266400               394.470000                 0.707690
79.391100               395.060000                 0.697950
79.515700               395.640000                 0.693080
79.640300               396.230000                 0.689840
79.765000               396.810000                 0.678480
