

Цикл № 1
Шаг  № 1
Точек  643
Линейная потенцио. развертка , Скорость развертки 5,0001 мВ/с.
Время, с.              Потенциал, мВ            Ток, мкА
0.124600               -0.233900                 -16.339000
0.249300               -1.052600                 -13.419000
0.373900               -1.520400                 -11.633000
0.498500               -2.456000                 -10.442000
0.623200               -3.040700                 -9.596000
0.747800               -3.625400                 -8.946800
0.872400               -4.093300                 -8.443600
0.997100               -4.678000                 -8.128700
1.121700               -5.496600                 -7.919300
1.246300               -6.081400                 -7.680700
1.371000               -6.432200                 -7.468100
1.495600               -7.250900                 -7.338300
1.620200               -7.835700                 -7.218100
1.744900               -8.537300                 -7.156500
1.869500               -9.122100                 -7.036300
1.994100               -9.706800                 -6.830200
2.118800               -10.525000                 -6.630600
2.243400               -11.110000                 -6.443900
2.368000               -12.163000                 -6.283200
2.492700               -12.748000                 -6.169600
2.617300               -13.917000                 -6.067300
2.741900               -14.619000                 -5.914700
2.866600               -15.788000                 -5.776800
2.991200               -16.373000                 -5.650200
3.115800               -17.075000                 -5.512200
3.240500               -17.659000                 -5.340200
3.365100               -18.244000                 -5.177800
3.489700               -18.712000                 -5.035000
3.614400               -19.297000                 -4.919800
3.739000               -19.531000                 -4.955500
3.863600               -20.115000                 -5.276800
3.988200               -20.583000                 -5.879000
4.112900               -21.285000                 -6.390300
4.237500               -21.870000                 -6.523400
4.362100               -22.454000                 -6.314000
4.486800               -23.039000                 -5.952100
4.611400               -23.741000                 -5.664800
4.736000               -24.326000                 -5.494400
4.860700               -24.910000                 -5.439200
4.985300               -25.495000                 -5.434300
5.109900               -26.080000                 -5.388800
5.234600               -26.665000                 -5.281700
5.359200               -27.249000                 -5.137300
5.483800               -27.951000                 -4.934400
5.608500               -28.536000                 -4.715200
5.733100               -29.121000                 -4.518800
5.857700               -29.705000                 -4.376000
5.982400               -30.407000                 -4.328900
6.107000               -30.992000                 -4.440900
6.231600               -31.576000                 -4.775300
6.356300               -32.161000                 -5.129200
6.480900               -32.863000                 -5.345000
6.605500               -33.448000                 -5.359600
6.730200               -34.032000                 -5.192500
6.854800               -34.617000                 -5.096700
6.979400               -35.202000                 -5.052900
7.104100               -36.021000                 -4.997700
7.228700               -36.605000                 -4.882400
7.353300               -37.190000                 -4.710400
7.478000               -37.775000                 -4.535100
7.602600               -38.477000                 -4.402000
7.727200               -38.944000                 -4.312700
7.851900               -39.646000                 -4.225100
7.976500               -40.348000                 -4.116300
8.101100               -41.166000                 -3.989700
8.225800               -41.751000                 -3.874400
8.350400               -42.453000                 -3.773800
8.475000               -43.038000                 -3.710500
8.599700               -43.505000                 -3.689400
8.724300               -44.324000                 -3.681300
8.848900               -44.909000                 -3.592000
8.973600               -45.493000                 -3.481700
9.098200               -46.078000                 -3.465400
9.222800               -46.663000                 -3.458900
9.347500               -47.248000                 -3.463800
9.472100               -47.950000                 -3.540100
9.596700               -48.534000                 -3.557900
9.721400               -49.002000                 -3.543300
9.846000               -49.821000                 -3.520600
9.970600               -50.406000                 -3.473500
10.095300               -50.990000                 -3.407000
10.219900               -51.575000                 -3.334000
10.344500               -52.160000                 -3.280400
10.469200               -52.745000                 -3.247900
10.593800               -53.329000                 -3.222000
10.718400               -54.031000                 -3.187900
10.843100               -54.616000                 -3.135900
10.967700               -55.200000                 -3.108300
11.092300               -55.785000                 -3.111600
11.217000               -56.487000                 -3.124600
11.341600               -57.072000                 -3.137600
11.466200               -57.656000                 -3.145700
11.590800               -58.241000                 -3.145700
11.715500               -58.826000                 -3.132700
11.840100               -59.528000                 -3.116400
11.964700               -60.112000                 -3.098600
12.089400               -60.697000                 -3.085600
12.214000               -61.282000                 -3.085600
12.338600               -61.867000                 -3.095300
12.463300               -62.451000                 -3.121300
12.587900               -63.153000                 -3.144000
12.712500               -63.738000                 -3.135900
12.837200               -64.323000                 -3.108300
12.961800               -65.024000                 -3.077500
13.086400               -65.609000                 -3.043400
13.211100               -66.194000                 -3.017400
13.335700               -66.778000                 -2.996300
13.460300               -67.480000                 -3.002800
13.585000               -68.065000                 -3.032000
13.709600               -68.767000                 -3.084000
13.834200               -69.351000                 -3.153800
13.958900               -70.053000                 -3.231700
14.083500               -70.521000                 -3.308000
14.208100               -71.340000                 -3.374500
14.332800               -72.041000                 -3.410200
14.457400               -72.626000                 -3.392400
14.582000               -73.211000                 -3.379400
14.706700               -73.678000                 -3.371300
14.831300               -74.497000                 -3.359900
14.955900               -75.199000                 -3.330700
15.080600               -75.784000                 -3.308000
15.205200               -76.251000                 -3.304700
15.329800               -77.070000                 -3.356700
15.454500               -77.655000                 -3.549800
15.579100               -78.240000                 -3.840400
15.703700               -78.824000                 -3.988100
15.828400               -79.409000                 -4.004300
15.953000               -80.111000                 -4.014100
16.077600               -80.695000                 -4.017300
16.202300               -81.280000                 -3.890700
16.326900               -81.982000                 -3.682900
16.451500               -82.567000                 -3.497900
16.576200               -83.151000                 -3.372900
16.700800               -83.736000                 -3.283600
16.825400               -84.321000                 -3.226800
16.950100               -85.023000                 -3.176500
17.074700               -85.607000                 -3.106700
17.199300               -86.192000                 -3.033700
17.324000               -86.777000                 -2.993100
17.448600               -87.362000                 -3.006100
17.573200               -88.063000                 -3.036900
17.697900               -88.648000                 -3.046700
17.822500               -89.233000                 -3.015800
17.947100               -89.818000                 -2.959000
18.071800               -90.402000                 -2.903800
18.196400               -91.104000                 -2.873000
18.321000               -91.689000                 -2.864900
18.445700               -92.274000                 -2.869700
18.570300               -92.858000                 -2.897300
18.694900               -93.443000                 -2.923300
18.819500               -94.145000                 -2.908700
18.944200               -94.847000                 -2.881100
19.068800               -95.548000                 -2.913500
19.193400               -96.250000                 -3.045000
19.318100               -96.718000                 -3.197600
19.442700               -97.419000                 -3.283600
19.567300               -98.238000                 -3.316100
19.692000               -98.706000                 -3.286900
19.816600               -99.407000                 -3.239800
19.941200               -100.110000                 -3.220300
20.065900               -100.580000                 -3.264100
20.190500               -101.160000                 -3.368000
20.315100               -101.860000                 -3.509300
20.439800               -102.560000                 -3.611500
20.564400               -103.150000                 -3.580700
20.689000               -103.730000                 -3.533600
20.813700               -104.320000                 -3.436200
20.938300               -104.790000                 -3.346900
21.062900               -105.610000                 -3.316100
21.187600               -106.190000                 -3.288500
21.312200               -106.780000                 -3.267400
21.436800               -107.360000                 -3.236600
21.561500               -107.940000                 -3.215500
21.686100               -108.650000                 -3.205700
21.810700               -109.230000                 -3.158700
21.935400               -109.820000                 -3.071000
22.060000               -110.400000                 -2.980100
22.184600               -110.990000                 -2.908700
22.309300               -111.690000                 -2.873000
22.433900               -112.270000                 -2.871400
22.558500               -112.860000                 -2.894100
22.683200               -113.440000                 -2.908700
22.807800               -114.140000                 -2.918400
22.932400               -114.730000                 -2.915200
23.057100               -115.310000                 -2.894100
23.181700               -116.250000                 -2.868100
23.306300               -116.600000                 -2.840500
23.431000               -117.300000                 -2.814500
23.555600               -118.000000                 -2.790200
23.680200               -118.590000                 -2.772300
23.804900               -119.170000                 -2.782100
23.929500               -119.520000                 -2.824300
24.054100               -120.220000                 -2.876200
24.178800               -121.040000                 -2.908700
24.303400               -121.510000                 -2.897300
24.428000               -122.100000                 -2.850200
24.552700               -122.800000                 -2.775600
24.677300               -123.620000                 -2.700900
24.801900               -124.320000                 -2.649000
24.926600               -124.900000                 -2.614900
25.051200               -125.490000                 -2.595400
25.175800               -126.190000                 -2.595400
25.300500               -126.770000                 -2.605200
25.425100               -127.360000                 -2.614900
25.549700               -127.940000                 -2.623000
25.674400               -128.530000                 -2.657100
25.799000               -129.230000                 -2.749600
25.923600               -129.700000                 -3.006100
26.048300               -130.400000                 -3.502700
26.172900               -130.870000                 -3.863100
26.297500               -131.570000                 -3.817600
26.422100               -132.270000                 -3.687800
26.546800               -132.850000                 -3.554700
26.671400               -133.440000                 -3.445900
26.796000               -133.910000                 -3.348500
26.920700               -134.730000                 -3.259300
27.045300               -135.310000                 -3.205700
27.169900               -135.900000                 -3.210600
27.294600               -136.480000                 -3.236600
27.419200               -137.060000                 -3.197600
27.543800               -137.770000                 -3.131100
27.668500               -138.350000                 -3.079100
27.793100               -138.940000                 -3.048300
27.917700               -139.520000                 -3.023900
28.042400               -140.110000                 -2.989800
28.167000               -140.690000                 -2.929800
28.291600               -141.390000                 -2.874600
28.416300               -141.980000                 -2.861600
28.540900               -142.560000                 -2.983400
28.665500               -143.150000                 -3.317700
28.790200               -143.850000                 -3.692700
28.914800               -144.320000                 -3.952400
29.039400               -145.020000                 -4.020500
29.164100               -145.600000                 -3.919900
29.288700               -146.300000                 -3.712100
29.413300               -146.890000                 -3.491400
29.538000               -147.470000                 -3.342100
29.662600               -148.060000                 -3.260900
29.787200               -148.640000                 -3.183000
29.911900               -149.340000                 -3.097000
30.036500               -149.930000                 -3.006100
30.161100               -150.510000                 -2.916800
30.285800               -151.100000                 -2.834000
30.410400               -151.680000                 -2.759300
30.535000               -152.500000                 -2.723600
30.659700               -153.200000                 -2.743100
30.784300               -153.910000                 -2.787000
30.908900               -154.610000                 -2.814500
31.033600               -155.310000                 -2.819400
31.158200               -155.780000                 -2.809700
31.282800               -156.480000                 -2.819400
31.407500               -156.950000                 -2.864900
31.532100               -157.770000                 -2.933000
31.656700               -158.120000                 -2.985000
31.781400               -158.940000                 -3.015800
31.906000               -159.400000                 -3.084000
32.030600               -159.750000                 -3.239800
32.155300               -160.570000                 -3.444300
32.279900               -161.270000                 -3.532000
32.404500               -161.980000                 -3.538500
32.529200               -162.560000                 -3.575800
32.653800               -163.150000                 -3.541700
32.778400               -163.850000                 -3.410200
32.903100               -164.430000                 -3.308000
33.027700               -165.020000                 -3.238200
33.152300               -165.370000                 -3.147300
33.277000               -165.950000                 -3.119700
33.401600               -166.300000                 -3.152100
33.526200               -166.890000                 -3.152100
33.650900               -167.470000                 -3.132700
33.775500               -168.170000                 -3.113200
33.900100               -168.760000                 -3.103500
34.024700               -169.340000                 -3.163500
34.149400               -169.930000                 -3.334000
34.274000               -170.980000                 -3.548200
34.398600               -171.680000                 -3.713800
34.523300               -172.380000                 -3.770600
34.647900               -172.970000                 -3.713800
34.772500               -173.550000                 -3.603400
34.897200               -174.140000                 -3.473500
35.021800               -174.840000                 -3.346900
35.146400               -175.430000                 -3.234900
35.271100               -176.010000                 -3.144000
35.395700               -176.710000                 -3.095300
35.520300               -177.180000                 -3.082400
35.645000               -177.880000                 -3.098600
35.769600               -178.470000                 -3.127800
35.894200               -179.170000                 -3.137600
36.018900               -179.750000                 -3.088800
36.143500               -180.570000                 -3.004400
36.268100               -181.040000                 -2.894100
36.392800               -181.620000                 -2.783700
36.517400               -182.440000                 -2.718800
36.642000               -183.030000                 -2.733400
36.766700               -183.840000                 -2.850200
36.891300               -184.430000                 -3.010900
37.015900               -185.010000                 -3.134300
37.140600               -185.480000                 -3.202500
37.265200               -186.070000                 -3.215500
37.389800               -186.770000                 -3.202500
37.514500               -187.470000                 -3.217100
37.639100               -188.060000                 -3.252800
37.763700               -188.640000                 -3.291700
37.888400               -189.340000                 -3.270600
38.013000               -189.930000                 -3.184600
38.137600               -190.510000                 -3.118100
38.262300               -191.100000                 -3.088800
38.386900               -191.680000                 -3.049900
38.511500               -192.380000                 -2.981700
38.636200               -192.970000                 -2.903800
38.760800               -193.550000                 -2.860000
38.885400               -194.140000                 -2.825900
39.010100               -194.840000                 -2.796700
39.134700               -195.420000                 -2.754500
39.259300               -196.010000                 -2.707400
39.384000               -196.590000                 -2.686300
39.508600               -197.290000                 -2.686300
39.633200               -197.760000                 -2.710700
39.757900               -198.460000                 -2.777200
39.882500               -199.050000                 -2.851900
40.007100               -199.630000                 -2.861600
40.131800               -200.220000                 -2.822600
40.256400               -200.920000                 -2.799900
40.381000               -201.500000                 -2.817800
40.505700               -202.210000                 -2.851900
40.630300               -202.670000                 -2.868100
40.754900               -203.380000                 -2.877800
40.879600               -203.960000                 -2.877800
41.004200               -204.780000                 -2.860000
41.128800               -205.250000                 -2.848600
41.253400               -205.830000                 -2.827500
41.378100               -206.420000                 -2.803200
41.502700               -207.240000                 -2.783700
41.627300               -207.820000                 -2.772300
41.752000               -208.290000                 -2.765800
41.876600               -208.760000                 -2.761000
42.001200               -209.810000                 -2.746400
42.125900               -210.390000                 -2.720400
42.250500               -211.090000                 -2.726900
42.375100               -211.680000                 -2.746400
42.499800               -212.260000                 -2.757700
42.624400               -212.850000                 -2.728500
42.749000               -213.550000                 -2.676600
42.873700               -214.020000                 -2.757700
42.998300               -214.490000                 -2.871400
43.122900               -215.190000                 -3.038500
43.247600               -215.770000                 -3.215500
43.372200               -216.470000                 -3.241400
43.496800               -216.940000                 -3.295000
43.621500               -217.760000                 -3.475200
43.746100               -218.110000                 -3.608300
43.870700               -219.050000                 -3.583900
43.995400               -219.630000                 -3.426500
44.120000               -220.220000                 -3.306400
44.244600               -220.800000                 -3.275500
44.369300               -221.390000                 -3.244700
44.493900               -222.090000                 -3.204100
44.618500               -222.670000                 -3.163500
44.743200               -223.260000                 -3.119700
44.867800               -223.840000                 -3.071000
44.992400               -224.540000                 -3.023900
45.117100               -225.130000                 -2.986600
45.241700               -225.710000                 -2.999600
45.366300               -226.410000                 -3.001200
45.491000               -227.000000                 -2.949300
45.615600               -227.590000                 -2.879500
45.740200               -228.170000                 -2.842100
45.864900               -228.750000                 -2.838900
45.989500               -229.460000                 -2.861600
46.114100               -230.040000                 -2.928200
46.238800               -230.620000                 -3.049900
46.363400               -231.210000                 -3.171600
46.488000               -231.790000                 -3.220300
46.612700               -232.610000                 -3.189500
46.737300               -233.080000                 -3.092100
46.861900               -233.780000                 -2.986600
46.986600               -234.250000                 -2.921700
47.111200               -234.840000                 -2.869700
47.235800               -235.540000                 -2.853500
47.360500               -236.120000                 -2.868100
47.485100               -236.820000                 -2.897300
47.609700               -237.290000                 -2.923300
47.734400               -237.880000                 -2.928200
47.859000               -238.690000                 -2.915200
47.983600               -239.630000                 -2.890800
48.108300               -240.100000                 -2.855100
48.232900               -240.570000                 -2.824300
48.357500               -241.270000                 -2.816200
48.482200               -241.970000                 -2.819400
48.606800               -242.670000                 -2.835600
48.731400               -243.260000                 -2.864900
48.856000               -243.840000                 -2.939500
48.980700               -244.540000                 -3.259300
49.105300               -245.130000                 -3.788400
49.229900               -245.710000                 -4.009200
49.354600               -246.300000                 -3.939400
49.479200               -247.000000                 -3.902100
49.603800               -247.580000                 -3.945900
49.728500               -248.170000                 -4.356500
49.853100               -248.750000                 -4.900300
49.977700               -249.340000                 -5.228200
50.102400               -249.920000                 -5.181100
50.227000               -250.620000                 -4.960300
50.351600               -251.210000                 -4.760700
50.476300               -251.790000                 -4.552900
50.600900               -252.380000                 -4.345200
50.725500               -253.080000                 -4.134200
50.850200               -253.660000                 -3.947500
50.974800               -254.250000                 -3.806300
51.099400               -254.830000                 -3.691000
51.224100               -255.420000                 -3.582300
51.348700               -256.120000                 -3.489800
51.473300               -256.700000                 -3.421600
51.598000               -257.290000                 -3.364800
51.722600               -257.990000                 -3.304700
51.847200               -258.690000                 -3.267400
51.971900               -259.280000                 -3.257700
52.096500               -259.750000                 -3.249500
52.221100               -260.560000                 -3.225200
52.345800               -261.150000                 -3.254400
52.470400               -261.730000                 -3.298200
52.595000               -262.550000                 -3.433000
52.719700               -263.250000                 -3.734900
52.844300               -263.720000                 -3.989700
52.968900               -264.420000                 -4.061100
53.093600               -265.130000                 -4.049800
53.218200               -265.710000                 -3.967000
53.342800               -266.410000                 -3.835500
53.467500               -267.000000                 -3.707300
53.592100               -267.580000                 -3.606600
53.716700               -268.170000                 -3.510900
53.841400               -268.750000                 -3.450800
53.966000               -269.450000                 -3.467000
54.090600               -270.040000                 -3.596900
54.215300               -270.620000                 -3.734900
54.339900               -271.210000                 -3.762500
54.464500               -271.790000                 -3.721900
54.589200               -272.380000                 -3.694300
54.713800               -273.080000                 -3.726800
54.838400               -273.660000                 -3.814400
54.963100               -274.250000                 -3.970200
55.087700               -274.830000                 -4.153600
55.212300               -275.530000                 -4.288400
55.337000               -276.120000                 -4.371100
55.461600               -276.700000                 -4.367900
55.586200               -277.290000                 -4.303000
55.710900               -277.990000                 -4.242900
55.835500               -278.570000                 -4.197500
55.960100               -279.160000                 -4.202300
56.084800               -279.740000                 -4.231600
56.209400               -280.330000                 -4.247800
56.334000               -281.030000                 -4.252700
56.458600               -281.620000                 -4.294900
56.583300               -282.200000                 -4.369500
56.707900               -282.790000                 -4.376000
56.832500               -283.490000                 -4.272100
56.957200               -284.070000                 -4.161700
57.081800               -284.660000                 -4.126000
57.206400               -285.240000                 -4.127700
57.331100               -285.830000                 -4.061100
57.455700               -286.530000                 -3.936100
57.580300               -287.110000                 -3.856600
57.705000               -287.700000                 -3.741400
57.829600               -288.280000                 -3.605000
57.954200               -288.870000                 -3.559600
58.078900               -289.690000                 -3.613100
58.203500               -290.150000                 -3.665100
58.328100               -290.740000                 -3.668300
58.452800               -291.560000                 -3.639100
58.577400               -291.910000                 -3.660200
58.702000               -292.610000                 -3.731600
58.826700               -293.190000                 -3.699100
58.951300               -293.890000                 -3.541700
59.075900               -294.360000                 -3.480000
59.200600               -295.060000                 -3.528700
59.325200               -295.880000                 -3.512500
59.449800               -296.350000                 -3.429700
59.574500               -297.050000                 -3.410200
59.699100               -297.640000                 -3.405400
59.823700               -298.570000                 -3.429700
59.948400               -299.040000                 -3.488200
60.073000               -299.740000                 -3.506000
60.197600               -300.330000                 -3.502700
60.322300               -300.910000                 -3.506000
60.446900               -301.610000                 -3.426500
60.571500               -302.080000                 -3.288500
60.696200               -302.780000                 -3.225200
60.820800               -303.370000                 -3.212200
60.945400               -304.070000                 -3.196000
61.070100               -304.650000                 -3.161900
61.194700               -305.240000                 -3.122900
61.319300               -305.820000                 -3.114800
61.444000               -306.530000                 -3.116400
61.568600               -307.110000                 -3.062900
61.693200               -307.690000                 -2.983400
61.817900               -308.280000                 -2.937900
61.942500               -308.870000                 -2.926500
62.067100               -309.570000                 -2.928200
62.191800               -310.150000                 -2.968700
62.316400               -310.740000                 -3.103500
62.441000               -311.320000                 -3.321000
62.565700               -311.910000                 -3.507600
62.690300               -312.610000                 -3.593600
62.814900               -313.190000                 -3.616400
62.939600               -313.780000                 -3.613100
63.064200               -314.360000                 -3.590400
63.188800               -315.060000                 -3.532000
63.313500               -315.650000                 -3.458900
63.438100               -316.230000                 -3.382600
63.562700               -316.820000                 -3.324200
63.687400               -317.400000                 -3.288500
63.812000               -317.990000                 -3.277100
63.936600               -318.690000                 -3.257700
64.061200               -319.270000                 -3.230100
64.185900               -319.980000                 -3.209000
64.310500               -320.560000                 -3.174900
64.435100               -321.140000                 -3.101800
64.559800               -321.960000                 -3.009300
64.684400               -322.550000                 -2.952500
64.809000               -323.250000                 -2.937900
64.933700               -323.950000                 -2.947600
65.058300               -324.420000                 -2.960600
65.182900               -325.000000                 -2.973600
65.307600               -325.820000                 -2.993100
65.432200               -326.520000                 -3.004400
65.556800               -326.990000                 -3.004400
65.681500               -327.340000                 -3.002800
65.806100               -328.280000                 -3.012600
65.930700               -328.510000                 -3.004400
66.055400               -329.330000                 -2.970400
66.180000               -330.030000                 -2.941100
66.304600               -330.620000                 -2.946000
66.429300               -331.320000                 -2.968700
66.553900               -332.020000                 -3.007700
66.678500               -332.610000                 -3.028800
66.803200               -333.190000                 -3.007700
66.927800               -333.770000                 -2.959000
67.052400               -334.360000                 -2.911900
67.177100               -335.060000                 -2.890800
67.301700               -335.650000                 -2.884300
67.426300               -336.230000                 -2.890800
67.551000               -336.820000                 -2.908700
67.675600               -337.520000                 -2.955800
67.800200               -338.100000                 -3.028800
67.924900               -338.690000                 -3.131100
68.049500               -339.270000                 -3.259300
68.174100               -339.860000                 -3.372900
68.298800               -340.560000                 -3.437800
68.423400               -341.140000                 -3.507600
68.548000               -341.730000                 -3.587200
68.672700               -342.310000                 -3.631000
68.797300               -343.010000                 -3.621200
68.921900               -343.600000                 -3.621200
69.046600               -344.180000                 -3.676400
69.171200               -344.770000                 -3.793300
69.295800               -345.350000                 -3.889100
69.420500               -345.940000                 -3.885800
69.545100               -346.520000                 -3.850100
69.669700               -347.230000                 -3.856600
69.794400               -347.810000                 -3.890700
69.919000               -348.510000                 -3.955600
70.043600               -348.980000                 -4.002700
70.168300               -349.680000                 -3.992900
70.292900               -350.380000                 -4.001100
70.417500               -350.970000                 -3.960500
70.542200               -351.550000                 -4.049800
70.666800               -352.490000                 -3.967000
70.791400               -352.950000                 -3.791700
70.916100               -353.770000                 -3.665100
71.040700               -354.240000                 -3.543300
71.165300               -355.060000                 -3.445900
71.289900               -355.530000                 -3.366400
71.414600               -356.110000                 -3.319300
71.539200               -356.580000                 -3.325800
71.663800               -357.050000                 -3.330700
71.788500               -358.100000                 -3.358300
71.913100               -358.570000                 -3.426500
72.037700               -359.150000                 -3.452400
72.162400               -359.860000                 -3.437800
72.287000               -360.440000                 -3.420000
72.411600               -361.020000                 -3.395600
72.536300               -361.730000                 -3.377800
72.660900               -362.310000                 -3.356700
72.785500               -362.900000                 -3.346900
72.910200               -363.480000                 -3.317700
73.034800               -364.180000                 -3.280400
73.159400               -364.770000                 -3.262500
73.284100               -365.350000                 -3.291700
73.408700               -365.940000                 -3.436200
73.533300               -366.520000                 -3.717000
73.658000               -367.110000                 -4.025400
73.782600               -367.810000                 -4.229900
73.907200               -368.390000                 -4.270500
74.031900               -368.980000                 -4.156900
74.156500               -369.680000                 -4.002700
74.281100               -370.260000                 -3.868000
74.405800               -370.850000                 -3.747900
74.530400               -371.430000                 -3.648800
74.655000               -372.130000                 -3.566100
74.779700               -372.720000                 -3.476800
74.904300               -373.300000                 -3.374500
75.028900               -373.890000                 -3.285300
75.153600               -374.470000                 -3.238200
75.278200               -375.060000                 -3.277100
75.402800               -375.880000                 -3.439400
75.527500               -376.350000                 -3.715400
75.652100               -376.930000                 -3.947500
75.776700               -377.630000                 -4.043300
75.901400               -378.450000                 -4.048100
76.026000               -379.150000                 -4.007600
76.150600               -379.620000                 -3.906900
76.275300               -380.320000                 -3.777100
76.399900               -381.140000                 -3.684600
76.524500               -381.610000                 -3.606600
76.649200               -382.310000                 -3.519000
76.773800               -382.780000                 -3.439400
76.898400               -383.360000                 -3.382600
77.023100               -383.950000                 -3.348500
77.147700               -384.760000                 -3.325800
77.272300               -385.000000                 -3.301500
77.397000               -385.700000                 -3.283600
77.521600               -386.520000                 -3.273900
77.646200               -387.220000                 -3.282000
77.770900               -387.690000                 -3.293400
77.895500               -388.390000                 -3.277100
78.020100               -388.980000                 -3.225200
78.144800               -389.680000                 -3.155400
78.269400               -390.260000                 -3.088800
78.394000               -390.850000                 -3.049900
78.518700               -391.430000                 -3.045000
78.643300               -392.020000                 -3.090500
78.767900               -392.600000                 -3.225200
78.892500               -393.300000                 -3.473500
79.017200               -393.890000                 -3.806300
79.141800               -394.470000                 -4.088700
79.266400               -395.060000                 -4.192600
79.391100               -395.760000                 -4.140600
79.515700               -396.340000                 -4.030300
79.640300               -396.930000                 -3.911800
79.765000               -397.510000                 -3.803000
79.889600               -398.210000                 -3.728400
80.014200               -398.800000                 -3.686200
80.138900               -399.380000                 -3.671600
