

Цикл № 1
Шаг  № 1
Точек  642
Линейная потенцио. развертка , ЭДС 272,49мВ, Скорость развертки 5,0001 мВ/с.
Время, с.              Потенциал, мВ            Ток, мкА
0.124600               271.320000                 -0.178550
0.249300               270.620000                 -0.285670
0.373900               269.920000                 -0.334370
0.498500               269.450000                 -0.360340
0.623200               268.520000                 -0.379820
0.747800               268.170000                 -0.412280
0.872400               267.350000                 -0.428510
0.997100               266.880000                 -0.447990
1.121700               266.060000                 -0.467470
1.246300               265.240000                 -0.490190
1.371000               264.660000                 -0.504800
1.495600               264.070000                 -0.522650
1.620200               263.490000                 -0.540510
1.744900               262.790000                 -0.551870
1.869500               262.320000                 -0.559990
1.994100               261.620000                 -0.566480
2.118800               261.030000                 -0.579460
2.243400               260.450000                 -0.585960
2.368000               259.750000                 -0.594070
2.492700               259.160000                 -0.602190
2.617300               258.580000                 -0.602190
2.741900               257.990000                 -0.621670
2.866600               257.410000                 -0.629780
2.991200               256.700000                 -0.634650
3.115800               256.120000                 -0.647640
3.240500               255.540000                 -0.671980
3.365100               254.830000                 -0.678480
3.489700               254.250000                 -0.681720
3.614400               253.660000                 -0.681720
3.739000               253.080000                 -0.680100
3.863600               252.500000                 -0.681720
3.988200               251.910000                 -0.680100
4.112900               251.210000                 -0.691460
4.237500               250.620000                 -0.689840
4.362100               250.040000                 -0.696330
4.486800               249.450000                 -0.696330
4.611400               248.750000                 -0.704450
4.736000               248.170000                 -0.706070
4.860700               247.580000                 -0.701200
4.985300               247.000000                 -0.701200
5.109900               246.410000                 -0.709320
5.234600               245.480000                 -0.709320
5.359200               244.890000                 -0.717430
5.483800               244.540000                 -0.717430
5.608500               243.720000                 -0.728790
5.733100               243.260000                 -0.740160
5.857700               242.670000                 -0.749890
5.982400               242.090000                 -0.756390
6.107000               241.500000                 -0.766130
6.231600               240.920000                 -0.762880
6.356300               240.100000                 -0.756390
6.480900               239.400000                 -0.746650
6.605500               238.930000                 -0.745020
6.730200               238.110000                 -0.736910
6.854800               237.290000                 -0.740160
6.979400               236.820000                 -0.740160
7.104100               236.240000                 -0.745020
7.228700               235.770000                 -0.741780
7.353300               235.070000                 -0.741780
7.478000               234.490000                 -0.738530
7.602600               233.900000                 -0.738530
7.727200               233.080000                 -0.732040
7.851900               232.610000                 -0.741780
7.976500               231.910000                 -0.748270
8.101100               231.330000                 -0.753140
8.225800               230.620000                 -0.754760
8.350400               230.040000                 -0.753140
8.475000               229.460000                 -0.749890
8.599700               228.750000                 -0.751520
8.724300               228.170000                 -0.767750
8.848900               227.590000                 -0.779110
8.973600               227.000000                 -0.787230
9.098200               226.410000                 -0.806700
9.222800               225.710000                 -0.822940
9.347500               225.130000                 -0.857020
9.472100               224.540000                 -0.865140
9.596700               223.840000                 -0.878120
9.721400               223.260000                 -0.878120
9.846000               222.670000                 -0.886240
9.970600               222.090000                 -0.882990
10.095300               221.500000                 -0.889490
10.219900               220.800000                 -0.913830
10.344500               220.220000                 -0.939800
10.469200               219.630000                 -0.957660
10.593800               219.050000                 -0.944670
10.718400               218.350000                 -0.926820
10.843100               217.760000                 -0.908960
10.967700               217.180000                 -0.886240
11.092300               216.590000                 -0.868380
11.217000               216.010000                 -0.855400
11.341600               215.310000                 -0.847280
11.466200               214.720000                 -0.848910
11.590800               214.130000                 -0.845660
11.715500               213.550000                 -0.837540
11.840100               212.970000                 -0.821310
11.964700               212.260000                 -0.813200
12.089400               211.560000                 -0.800210
12.214000               210.980000                 -0.798590
12.338600               210.160000                 -0.808330
12.463300               209.570000                 -0.831050
12.587900               208.870000                 -0.847280
12.712500               208.290000                 -0.860270
12.837200               207.470000                 -0.850530
12.961800               206.880000                 -0.834300
13.086400               206.300000                 -0.819690
13.211100               205.720000                 -0.803460
13.335700               205.130000                 -0.793720
13.460300               204.430000                 -0.782360
13.585000               203.840000                 -0.772620
13.709600               203.260000                 -0.779110
13.834200               202.670000                 -0.798590
13.958900               202.090000                 -0.831050
14.083500               201.390000                 -0.865140
14.208100               200.800000                 -0.920320
14.332800               200.100000                 -0.982000
14.457400               199.630000                 -0.999860
14.582000               199.050000                 -0.991740
14.706700               198.350000                 -0.985250
14.831300               197.760000                 -0.975510
14.955900               197.180000                 -0.964150
15.080600               196.590000                 -0.954410
15.205200               195.890000                 -0.949540
15.329800               195.310000                 -0.921950
15.454500               194.720000                 -0.899220
15.579100               194.020000                 -0.873250
15.703700               193.440000                 -0.850530
15.828400               192.850000                 -0.834300
15.953000               192.270000                 -0.824560
16.077600               191.680000                 -0.811570
16.202300               190.980000                 -0.800210
16.326900               190.280000                 -0.795340
16.451500               189.690000                 -0.777490
16.576200               189.220000                 -0.759630
16.700800               188.410000                 -0.751520
16.825400               187.940000                 -0.746650
16.950100               187.240000                 -0.743400
17.074700               186.530000                 -0.745020
17.199300               185.720000                 -0.769370
17.324000               185.370000                 -0.780730
17.448600               184.550000                 -0.788850
17.573200               184.080000                 -0.788850
17.697900               183.260000                 -0.775860
17.822500               182.560000                 -0.766130
17.947100               181.970000                 -0.749890
18.071800               181.390000                 -0.738530
18.196400               180.810000                 -0.723920
18.321000               180.100000                 -0.707690
18.445700               179.520000                 -0.704450
18.570300               178.930000                 -0.696330
18.694900               178.350000                 -0.691460
18.819500               177.650000                 -0.680100
18.944200               177.060000                 -0.673610
19.068800               176.480000                 -0.670360
19.193400               175.890000                 -0.657370
19.318100               175.310000                 -0.657370
19.442700               174.610000                 -0.652510
19.567300               174.020000                 -0.650880
19.692000               173.440000                 -0.660620
19.816600               172.850000                 -0.670360
19.941200               172.270000                 -0.675230
20.065900               171.570000                 -0.673610
20.190500               170.980000                 -0.675230
20.315100               170.400000                 -0.680100
20.439800               169.810000                 -0.706070
20.564400               169.110000                 -0.756390
20.689000               168.530000                 -0.787230
20.813700               167.940000                 -0.796970
20.938300               167.350000                 -0.806700
21.062900               166.770000                 -0.813200
21.187600               166.190000                 -0.818070
21.312200               165.480000                 -0.816440
21.436800               164.900000                 -0.814820
21.561500               164.310000                 -0.827810
21.686100               163.610000                 -0.845660
21.810700               163.030000                 -0.863510
21.935400               162.440000                 -0.863510
22.060000               161.860000                 -0.853780
22.184600               161.270000                 -0.835920
22.309300               160.570000                 -0.826180
22.433900               159.990000                 -0.814820
22.558500               159.400000                 -0.811570
22.683200               158.820000                 -0.801840
22.807800               158.120000                 -0.782360
22.932400               157.530000                 -0.764500
23.057100               156.950000                 -0.764500
23.181700               156.360000                 -0.790470
23.306300               155.780000                 -0.809950
23.431000               154.960000                 -0.826180
23.555600               154.260000                 -0.845660
23.680200               153.790000                 -0.860270
23.804900               153.200000                 -0.866760
23.929500               152.390000                 -0.861890
24.054100               151.570000                 -0.850530
24.178800               151.220000                 -0.837540
24.303400               150.630000                 -0.821310
24.428000               149.810000                 -0.809950
24.552700               149.230000                 -0.796970
24.677300               148.530000                 -0.785600
24.801900               147.940000                 -0.785600
24.926600               147.470000                 -0.790470
25.051200               146.660000                 -0.813200
25.175800               146.070000                 -0.845660
25.300500               145.490000                 -0.891110
25.425100               144.900000                 -0.939800
25.549700               144.200000                 -0.999860
25.674400               143.620000                 -1.042100
25.799000               143.030000                 -1.048600
25.923600               142.440000                 -1.024200
26.048300               141.860000                 -0.990120
26.172900               141.160000                 -0.960900
26.297500               140.570000                 -0.928440
26.422100               139.990000                 -0.895980
26.546800               139.400000                 -0.866760
26.671400               138.700000                 -0.837540
26.796000               138.240000                 -0.803460
26.920700               137.530000                 -0.783980
27.045300               136.950000                 -0.766130
27.169900               136.360000                 -0.753140
27.294600               135.660000                 -0.735290
27.419200               135.080000                 -0.722300
27.543800               134.490000                 -0.710940
27.668500               133.790000                 -0.702820
27.793100               133.210000                 -0.693080
27.917700               132.620000                 -0.689840
28.042400               132.040000                 -0.686590
28.167000               131.450000                 -0.683350
28.291600               130.750000                 -0.678480
28.416300               130.160000                 -0.675230
28.540900               129.580000                 -0.668740
28.665500               128.880000                 -0.662240
28.790200               128.180000                 -0.667110
28.914800               127.590000                 -0.671980
29.039400               127.010000                 -0.678480
29.164100               126.190000                 -0.681720
29.288700               125.490000                 -0.691460
29.413300               124.790000                 -0.694710
29.538000               124.320000                 -0.694710
29.662600               123.620000                 -0.688210
29.787200               123.150000                 -0.681720
29.911900               122.330000                 -0.675230
30.036500               121.860000                 -0.676850
30.161100               121.390000                 -0.663870
30.285800               120.690000                 -0.652510
30.410400               119.990000                 -0.662240
30.535000               119.290000                 -0.670360
30.659700               118.820000                 -0.668740
30.784300               118.120000                 -0.683350
30.908900               117.420000                 -0.709320
31.033600               116.830000                 -0.748270
31.158200               116.250000                 -0.803460
31.282800               115.660000                 -0.847280
31.407500               114.960000                 -0.863510
31.532100               114.380000                 -0.850530
31.656700               113.790000                 -0.861890
31.781400               113.210000                 -0.900850
31.906000               112.510000                 -0.917080
32.030600               111.920000                 -0.907340
32.155300               111.340000                 -0.889490
32.279900               110.750000                 -0.871630
32.404500               110.050000                 -0.879750
32.529200               109.470000                 -0.921950
32.653800               108.880000                 -0.991740
32.778400               108.300000                 -1.061500
32.903100               107.710000                 -1.090800
33.027700               107.010000                 -1.069600
33.152300               106.540000                 -1.025800
33.277000               105.840000                 -0.977140
33.401600               105.140000                 -0.938180
33.526200               104.670000                 -0.918700
33.650900               103.970000                 -0.904090
33.775500               103.380000                 -0.894350
33.900100               102.800000                 -0.881370
34.024700               102.100000                 -0.870010
34.149400               101.510000                 -0.860270
34.274000               100.690000                 -0.863510
34.398600               100.110000                 -0.870010
34.523300               99.525000                 -0.879750
34.647900               98.823000                 -0.897600
34.772500               98.238000                 -0.915460
34.897200               97.536000                 -0.917080
35.021800               96.835000                 -0.891110
35.146400               96.133000                 -0.861890
35.271100               95.548000                 -0.840790
35.395700               94.963000                 -0.822940
35.520300               94.379000                 -0.818070
35.645000               93.794000                 -0.866760
35.769600               93.209000                 -1.001500
35.894200               92.624000                 -1.168700
36.018900               91.923000                 -1.193000
36.143500               91.338000                 -1.160500
36.268100               90.753000                 -1.120000
36.392800               90.168000                 -1.068000
36.517400               89.467000                 -1.046900
36.642000               88.882000                 -1.027400
36.766700               88.297000                 -1.012800
36.891300               87.713000                 -0.994990
37.015900               87.011000                 -0.991740
37.140600               86.543000                 -0.998240
37.265200               85.958000                 -0.980380
37.389800               85.257000                 -0.972270
37.514500               84.555000                 -0.951160
37.639100               83.970000                 -0.930060
37.763700               83.385000                 -0.921950
37.888400               82.801000                 -0.962530
38.013000               82.216000                 -1.042100
38.137600               81.514000                 -1.113500
38.262300               80.929000                 -1.145900
38.386900               80.345000                 -1.142700
38.511500               79.760000                 -1.120000
38.636200               79.058000                 -1.090800
38.760800               78.473000                 -1.045300
38.885400               77.889000                 -0.994990
39.010100               77.304000                 -0.954410
39.134700               76.719000                 -0.928440
39.259300               76.135000                 -0.925190
39.384000               75.433000                 -0.944670
39.508600               74.731000                 -0.956030
39.633200               74.146000                 -0.934930
39.757900               73.561000                 -0.923570
39.882500               72.977000                 -0.921950
40.007100               72.392000                 -0.917080
40.131800               71.340000                 -0.904090
40.256400               71.106000                 -0.892730
40.381000               70.287000                 -0.887860
40.505700               69.819000                 -0.876500
40.630300               69.234000                 -0.863510
40.754900               68.299000                 -0.852150
40.879600               67.948000                 -0.844040
41.004200               67.246000                 -0.839170
41.128800               66.895000                 -0.832670
41.253400               66.311000                 -0.860270
41.378100               65.609000                 -0.908960
41.502700               64.907000                 -0.923570
41.627300               64.323000                 -0.928440
41.752000               63.504000                 -0.931690
41.876600               62.685000                 -0.933310
42.001200               62.100000                 -0.946300
42.125900               61.633000                 -0.939800
42.250500               60.931000                 -0.920320
42.375100               60.346000                 -0.887860
42.499800               59.645000                 -0.873250
42.624400               59.060000                 -0.852150
42.749000               58.475000                 -0.853780
42.873700               57.773000                 -0.874880
42.998300               57.188000                 -0.920320
43.122900               56.604000                 -0.941430
43.247600               56.019000                 -0.925190
43.372200               55.317000                 -0.912210
43.496800               54.733000                 -0.900850
43.621500               54.148000                 -0.899220
43.746100               53.563000                 -0.907340
43.870700               52.861000                 -0.918700
43.995400               52.394000                 -0.934930
44.120000               51.692000                 -0.949540
44.244600               51.107000                 -0.956030
44.369300               50.406000                 -0.970640
44.493900               49.938000                 -0.973890
44.618500               49.236000                 -0.972270
44.743200               48.651000                 -0.977140
44.867800               48.066000                 -0.985250
44.992400               47.482000                 -1.009600
45.117100               46.780000                 -1.051800
45.241700               46.195000                 -1.095600
45.366300               45.611000                 -1.087500
45.491000               45.026000                 -1.055100
45.615600               44.324000                 -1.008000
45.740200               43.739000                 -0.973890
45.864900               42.921000                 -0.962530
45.989500               42.453000                 -0.972270
46.114100               41.634000                 -0.977140
46.238800               41.050000                 -0.985250
46.363400               40.348000                 -0.990120
46.488000               39.763000                 -0.967400
46.612700               38.944000                 -0.938180
46.737300               38.360000                 -0.923570
46.861900               37.892000                 -0.912210
46.986600               37.190000                 -0.887860
47.111200               36.605000                 -0.865140
47.235800               36.021000                 -0.861890
47.360500               35.319000                 -0.878120
47.485100               34.734000                 -0.882990
47.609700               34.149000                 -0.876500
47.734400               33.448000                 -0.866760
47.859000               32.863000                 -0.860270
47.983600               32.278000                 -0.853780
48.108300               31.693000                 -0.848910
48.232900               30.992000                 -0.852150
48.357500               30.524000                 -0.853780
48.482200               29.822000                 -0.853780
48.606800               29.238000                 -0.847280
48.731400               28.653000                 -0.845660
48.856000               27.951000                 -0.837540
48.980700               27.366000                 -0.822940
49.105300               26.782000                 -0.809950
49.229900               26.197000                 -0.818070
49.354600               25.495000                 -0.829430
49.479200               24.910000                 -0.829430
49.603800               24.209000                 -0.819690
49.728500               23.624000                 -0.806700
49.853100               23.039000                 -0.800210
49.977700               22.454000                 -0.798590
50.102400               21.870000                 -0.801840
50.227000               21.168000                 -0.801840
50.351600               20.700000                 -0.805080
50.476300               19.881000                 -0.806700
50.600900               19.414000                 -0.821310
50.725500               18.829000                 -0.840790
50.850200               18.244000                 -0.873250
50.974800               17.426000                 -0.917080
51.099400               16.841000                 -0.956030
51.224100               16.256000                 -0.982000
51.348700               15.437000                 -0.998240
51.473300               14.736000                 -0.988500
51.598000               14.268000                 -0.969020
51.722600               14.502000                 -0.964150
51.847200               13.917000                 -0.975510
51.971900               13.332000                 -0.980380
52.096500               12.631000                 -0.988500
52.221100               12.046000                 -0.983630
52.345800               11.461000                 -0.964150
52.470400               10.759000                 -0.939800
52.595000               10.175000                 -0.920320
52.719700               9.473000                 -0.908960
52.844300               8.771300                 -0.907340
52.968900               8.186500                 -0.894350
53.093600               7.835700                 -0.879750
53.218200               7.017000                 -0.870010
53.342800               6.432200                 -0.865140
53.467500               5.730600                 -0.866760
53.592100               5.145800                 -0.866760
53.716700               4.210200                 -0.876500
53.841400               3.742400                 -0.894350
53.966000               3.040700                 -0.949540
54.090600               2.572900                 -1.011200
54.215300               1.871200                 -1.042100
54.339900               1.169500                 -1.045300
54.464500               0.584750                 -1.050200
54.589200               0.000000                 -1.059900
54.713800               -0.701700                 -1.064800
54.838400               -1.286500                 -1.064800
54.963100               -1.871200                 -1.069600
55.087700               -2.456000                 -1.085900
55.212300               -3.040700                 -1.081000
55.337000               -3.742400                 -1.063200
55.461600               -4.327100                 -1.053400
55.586200               -4.911900                 -1.035600
55.710900               -5.496600                 -1.024200
55.835500               -6.198300                 -1.016100
55.960100               -6.783100                 -1.012800
56.084800               -7.367800                 -0.998240
56.209400               -7.952600                 -0.986870
56.334000               -8.654300                 -0.978760
56.458600               -9.239100                 -0.983630
56.583300               -9.940700                 -0.998240
56.707900               -10.876000                 -1.014500
56.832500               -11.578000                 -1.029100
56.957200               -12.280000                 -1.030700
57.081800               -13.332000                 -1.030700
57.206400               -14.034000                 -1.017700
57.331100               -15.204000                 -0.999860
57.455700               -15.905000                 -0.990120
57.580300               -16.607000                 -0.973890
57.705000               -17.426000                 -0.959280
57.829600               -17.776000                 -0.956030
57.954200               -18.361000                 -0.964150
58.078900               -18.829000                 -0.975510
58.203500               -19.414000                 -1.009600
58.328100               -19.881000                 -1.056700
58.452800               -20.115000                 -1.097300
58.577400               -20.700000                 -1.120000
58.702000               -21.285000                 -1.134600
58.826700               -21.870000                 -1.126500
58.951300               -22.571000                 -1.118300
59.075900               -23.156000                 -1.107000
59.200600               -23.741000                 -1.094000
59.325200               -24.326000                 -1.095600
59.449800               -24.910000                 -1.116700
59.574500               -25.495000                 -1.147600
59.699100               -26.197000                 -1.134600
59.823700               -26.782000                 -1.118300
59.948400               -27.366000                 -1.128100
60.073000               -28.068000                 -1.197900
60.197600               -28.536000                 -1.264400
60.322300               -29.238000                 -1.253100
60.446900               -29.822000                 -1.230400
60.571500               -30.407000                 -1.220600
60.696200               -30.992000                 -1.209200
60.820800               -31.693000                 -1.197900
60.945400               -32.278000                 -1.207600
61.070100               -32.980000                 -1.202700
61.194700               -33.448000                 -1.186500
61.319300               -34.149000                 -1.197900
61.444000               -34.851000                 -1.219000
61.568600               -35.436000                 -1.235200
61.693200               -36.138000                 -1.243300
61.817900               -37.073000                 -1.274200
61.942500               -37.658000                 -1.382900
62.067100               -38.126000                 -1.493300
62.191800               -38.827000                 -1.501400
62.316400               -39.412000                 -1.434900
62.441000               -39.997000                 -1.387800
62.565700               -40.582000                 -1.363400
62.690300               -41.283000                 -1.335800
62.814900               -41.868000                 -1.326100
62.939600               -42.336000                 -1.313100
63.064200               -43.038000                 -1.288800
63.188800               -43.739000                 -1.261200
63.313500               -44.324000                 -1.223900
63.438100               -44.909000                 -1.180000
63.562700               -45.493000                 -1.145900
63.687400               -46.078000                 -1.124800
63.812000               -46.780000                 -1.108600
63.936600               -47.365000                 -1.105400
64.061200               -47.950000                 -1.142700
64.185900               -48.534000                 -1.270900
64.310500               -49.236000                 -1.381300
64.435100               -49.821000                 -1.407300
64.559800               -50.406000                 -1.404000
64.684400               -50.990000                 -1.384500
64.809000               -51.575000                 -1.353700
64.933700               -52.277000                 -1.318000
65.058300               -52.861000                 -1.280700
65.182900               -53.446000                 -1.253100
65.307600               -54.031000                 -1.225500
65.432200               -54.616000                 -1.201100
65.556800               -55.317000                 -1.188100
65.681500               -55.902000                 -1.186500
65.806100               -56.487000                 -1.210900
65.930700               -57.072000                 -1.228700
66.055400               -57.656000                 -1.233600
66.180000               -58.241000                 -1.235200
66.304600               -58.943000                 -1.254700
66.429300               -59.528000                 -1.267700
66.553900               -60.112000                 -1.261200
66.678500               -60.697000                 -1.245000
66.803200               -61.399000                 -1.212500
66.927800               -61.983000                 -1.183300
67.052400               -62.568000                 -1.162200
67.177100               -63.153000                 -1.154100
67.301700               -63.738000                 -1.150800
67.426300               -64.439000                 -1.141100
67.551000               -65.024000                 -1.133000
67.675600               -65.609000                 -1.131300
67.800200               -66.194000                 -1.124800
67.924900               -66.778000                 -1.111900
68.049500               -67.480000                 -1.087500
68.174100               -68.065000                 -1.064800
68.298800               -68.767000                 -1.050200
68.423400               -69.234000                 -1.043700
68.548000               -70.053000                 -1.038800
68.672700               -70.989000                 -1.045300
68.797300               -71.340000                 -1.048600
68.921900               -71.924000                 -1.045300
69.046600               -72.626000                 -1.040400
69.171200               -73.094000                 -1.033900
69.295800               -73.912000                 -1.032300
69.420500               -74.263000                 -1.069600
69.545100               -75.199000                 -1.215700
69.669700               -75.784000                 -1.324500
69.794400               -76.368000                 -1.365100
69.919000               -76.953000                 -1.357000
70.043600               -77.655000                 -1.345600
70.168300               -78.240000                 -1.329400
70.292900               -78.824000                 -1.319600
70.417500               -79.409000                 -1.331000
70.542200               -80.111000                 -1.368300
70.666800               -80.695000                 -1.373200
70.791400               -81.397000                 -1.334200
70.916100               -81.865000                 -1.303400
71.040700               -82.567000                 -1.293600
71.165300               -83.151000                 -1.300100
71.289900               -83.736000                 -1.318000
71.414600               -84.321000                 -1.339100
71.539200               -84.906000                 -1.335800
71.663800               -85.607000                 -1.313100
71.788500               -86.192000                 -1.305000
71.913100               -86.777000                 -1.292000
72.037700               -87.362000                 -1.287200
72.162400               -87.946000                 -1.287200
72.287000               -88.648000                 -1.311500
72.411600               -89.233000                 -1.365100
72.536300               -89.818000                 -1.439700
72.660900               -90.402000                 -1.542000
72.785500               -91.104000                 -1.610200
72.910200               -91.689000                 -1.642600
73.034800               -92.274000                 -1.650700
73.159400               -92.858000                 -1.637800
73.284100               -93.443000                 -1.613400
73.408700               -94.145000                 -1.587400
73.533300               -94.730000                 -1.568000
73.658000               -95.314000                 -1.568000
73.782600               -96.133000                 -1.571200
73.907200               -96.951000                 -1.582600
74.031900               -97.536000                 -1.581000
74.156500               -98.238000                 -1.572800
74.281100               -98.823000                 -1.553400
74.405800               -99.525000                 -1.522500
74.530400               -100.110000                 -1.481900
74.655000               -100.690000                 -1.449500
74.779700               -101.280000                 -1.426700
74.904300               -101.860000                 -1.420300
75.028900               -102.560000                 -1.425100
75.153600               -103.150000                 -1.438100
75.278200               -103.730000                 -1.439700
75.402800               -104.320000                 -1.423500
75.527500               -104.900000                 -1.400800
75.652100               -105.610000                 -1.391000
75.776700               -106.190000                 -1.381300
75.901400               -106.780000                 -1.368300
76.026000               -107.360000                 -1.352100
76.150600               -107.940000                 -1.331000
76.275300               -108.530000                 -1.311500
76.399900               -109.230000                 -1.303400
76.524500               -109.820000                 -1.298500
76.649200               -110.400000                 -1.287200
76.773800               -110.990000                 -1.282300
76.898400               -111.690000                 -1.275800
77.023100               -112.270000                 -1.269300
77.147700               -112.860000                 -1.266100
77.272300               -113.440000                 -1.269300
77.397000               -114.140000                 -1.264400
77.521600               -114.730000                 -1.266100
77.646200               -115.550000                 -1.279000
77.770900               -116.010000                 -1.292000
77.895500               -116.720000                 -1.309900
78.020100               -117.530000                 -1.308300
78.144800               -118.120000                 -1.305000
78.269400               -118.590000                 -1.309900
78.394000               -119.290000                 -1.329400
78.518700               -119.760000                 -1.373200
78.643300               -120.580000                 -1.449500
78.767900               -121.280000                 -1.498200
78.892500               -121.510000                 -1.511100
79.017200               -122.330000                 -1.507900
79.141800               -122.560000                 -1.498200
79.266400               -123.380000                 -1.488400
79.391100               -124.200000                 -1.481900
79.515700               -124.900000                 -1.468900
79.640300               -125.490000                 -1.444600
79.765000               -126.190000                 -1.415400
79.889600               -126.770000                 -1.386200
80.014200               -127.360000                 -1.371600
