

Цикл № 1
Шаг  № 1
Точек  639
Линейная потенцио. развертка , ЭДС 330,27мВ, Скорость развертки 5,0001 мВ/с.
Время, с.              Потенциал, мВ            Ток, мкА
0.124600               329.210000                 -0.126610
0.249300               329.800000                 0.170430
0.373900               330.500000                 0.290540
0.498500               331.080000                 0.376570
0.623200               331.670000                 0.436630
0.747800               332.250000                 0.486940
0.872400               332.960000                 0.524280
0.997100               333.540000                 0.556740
1.121700               334.130000                 0.592450
1.246300               334.830000                 0.621670
1.371000               335.300000                 0.634650
1.495600               336.000000                 0.650880
1.620200               336.580000                 0.684970
1.744900               337.280000                 0.707690
1.869500               337.750000                 0.736910
1.994100               338.570000                 0.783980
2.118800               339.040000                 0.798590
2.243400               339.620000                 0.822940
2.368000               340.560000                 0.806700
2.492700               340.910000                 0.813200
2.617300               341.610000                 0.809950
2.741900               342.310000                 0.803460
2.866600               342.780000                 0.796970
2.991200               343.830000                 0.790470
3.115800               344.180000                 0.793720
3.240500               345.000000                 0.800210
3.365100               345.700000                 0.795340
3.489700               346.290000                 0.803460
3.614400               346.870000                 0.816440
3.739000               347.460000                 0.831050
3.863600               347.930000                 0.826180
3.988200               348.750000                 0.865140
4.112900               349.330000                 0.951160
4.237500               349.910000                 0.943050
4.362100               350.500000                 0.891110
4.486800               351.200000                 0.936560
4.611400               351.790000                 0.967400
4.736000               352.370000                 0.920320
4.860700               353.070000                 0.917080
4.985300               353.660000                 0.939800
5.109900               354.240000                 0.925190
5.234600               354.830000                 0.928440
5.359200               355.410000                 0.894350
5.483800               356.110000                 0.845660
5.608500               356.700000                 0.844040
5.733100               357.280000                 0.829430
5.857700               357.870000                 0.816440
5.982400               358.570000                 0.801840
6.107000               359.150000                 0.796970
6.231600               359.740000                 0.790470
6.356300               360.440000                 0.798590
6.480900               361.020000                 0.811570
6.605500               361.610000                 0.834300
6.730200               362.310000                 0.857020
6.854800               363.010000                 0.874880
6.979400               363.600000                 0.886240
7.104100               364.060000                 0.936560
7.228700               364.880000                 0.977140
7.353300               365.590000                 0.952790
7.478000               366.170000                 0.944670
7.602600               366.640000                 0.861890
7.727200               367.340000                 0.824560
7.851900               367.810000                 0.837540
7.976500               368.630000                 0.840790
8.101100               369.090000                 0.845660
8.225800               369.680000                 0.884620
8.350400               370.500000                 0.908960
8.475000               370.960000                 0.894350
8.599700               371.900000                 0.886240
8.724300               372.490000                 0.908960
8.848900               373.070000                 0.933310
8.973600               373.770000                 0.887860
9.098200               374.360000                 0.853780
9.222800               375.060000                 0.858650
9.347500               375.640000                 0.848910
9.472100               376.110000                 0.814820
9.596700               376.810000                 0.787230
9.721400               377.510000                 0.783980
9.846000               377.980000                 0.772620
9.970600               378.680000                 0.759630
10.095300               379.270000                 0.749890
10.219900               379.970000                 0.756390
10.344500               380.560000                 0.766130
10.469200               381.140000                 0.782360
10.593800               381.730000                 0.821310
10.718400               382.430000                 0.844040
10.843100               383.010000                 0.827810
10.967700               383.600000                 0.848910
11.092300               384.180000                 0.908960
11.217000               384.880000                 0.923570
11.341600               385.470000                 0.865140
11.466200               386.050000                 0.860270
11.590800               386.640000                 0.908960
11.715500               387.340000                 0.889490
11.840100               387.920000                 0.826180
11.964700               388.510000                 0.873250
12.089400               389.090000                 1.001500
12.214000               389.790000                 1.064800
12.338600               390.380000                 1.084300
12.463300               390.960000                 0.993370
12.587900               391.550000                 0.891110
12.712500               392.250000                 0.868380
12.837200               393.070000                 0.842410
12.961800               393.540000                 0.818070
13.086400               394.000000                 0.811570
13.211100               394.590000                 0.796970
13.335700               395.410000                 0.808330
13.460300               395.880000                 0.824560
13.585000               396.460000                 0.800210
13.709600               397.280000                 0.839170
13.834200               397.750000                 0.921950
13.958900               398.330000                 0.907340
14.083500               399.270000                 0.861890
14.208100               399.970000                 0.835920
14.332800               400.670000                 0.840790
14.457400               401.250000                 0.806700
14.582000               401.960000                 0.811570
14.706700               402.540000                 0.780730
14.831300               403.010000                 0.748270
14.955900               403.590000                 0.727170
15.080600               404.300000                 0.725550
15.205200               404.880000                 0.733660
15.329800               405.580000                 0.821310
15.454500               406.050000                 0.926820
15.579100               406.630000                 0.871630
15.703700               407.340000                 0.809950
15.828400               408.040000                 0.779110
15.953000               408.620000                 0.771000
16.077600               409.210000                 0.824560
16.202300               409.790000                 0.796970
16.326900               410.500000                 0.764500
16.451500               411.080000                 0.738530
16.576200               411.660000                 0.720680
16.700800               412.370000                 0.717430
16.825400               412.950000                 0.693080
16.950100               413.540000                 0.691460
17.074700               414.120000                 0.732040
17.199300               414.820000                 0.793720
17.324000               415.410000                 0.754760
17.448600               415.990000                 0.706070
17.573200               416.580000                 0.668740
17.697900               417.160000                 0.659000
17.822500               417.860000                 0.662240
17.947100               418.560000                 0.667110
18.071800               419.030000                 0.662240
18.196400               419.620000                 0.659000
18.321000               420.320000                 0.688210
18.445700               421.020000                 0.668740
18.570300               421.490000                 0.673610
18.694900               422.190000                 0.732040
18.819500               423.010000                 0.795340
18.944200               423.360000                 0.736910
19.068800               424.180000                 0.709320
19.193400               424.880000                 0.727170
19.318100               425.350000                 0.735290
19.442700               425.810000                 0.746650
19.567300               426.520000                 0.745020
19.692000               427.330000                 0.727170
19.816600               428.150000                 0.706070
19.941200               428.740000                 0.693080
20.065900               429.320000                 0.680100
20.190500               430.020000                 0.673610
20.315100               430.610000                 0.671980
20.439800               431.190000                 0.683350
20.564400               431.780000                 0.665490
20.689000               432.480000                 0.688210
20.813700               433.070000                 0.761260
20.938300               433.650000                 0.746650
21.062900               434.240000                 0.758010
21.187600               434.820000                 0.769370
21.312200               435.400000                 0.732040
21.436800               436.110000                 0.740160
21.561500               436.690000                 0.720680
21.686100               437.280000                 0.697950
21.810700               437.980000                 0.673610
21.935400               438.560000                 0.637900
22.060000               439.150000                 0.683350
22.184600               439.850000                 0.693080
22.309300               440.430000                 0.681720
22.433900               441.020000                 0.676850
22.558500               441.600000                 0.668740
22.683200               442.190000                 0.665490
22.807800               442.890000                 0.657370
22.932400               443.470000                 0.655750
23.057100               444.060000                 0.634650
23.181700               444.640000                 0.618420
23.306300               445.350000                 0.600560
23.431000               445.930000                 0.569720
23.555600               446.630000                 0.561610
23.680200               447.220000                 0.563230
23.804900               447.690000                 0.581090
23.929500               448.390000                 0.608680
24.054100               449.090000                 0.584330
24.178800               449.670000                 0.564860
24.303400               450.260000                 0.582710
24.428000               450.960000                 0.587580
24.552700               451.430000                 0.577840
24.677300               452.010000                 0.626540
24.801900               452.830000                 0.701200
24.926600               453.530000                 0.779110
25.051200               453.880000                 0.758010
25.175800               454.700000                 0.735290
25.300500               455.520000                 0.741780
25.425100               456.110000                 0.738530
25.549700               456.690000                 0.702820
25.674400               457.390000                 0.667110
25.799000               458.090000                 0.623290
25.923600               458.680000                 0.629780
26.048300               459.260000                 0.633030
26.172900               459.960000                 0.613550
26.297500               460.550000                 0.597320
26.422100               461.130000                 0.581090
26.546800               461.720000                 0.576220
26.671400               462.300000                 0.563230
26.796000               462.890000                 0.548620
26.920700               463.590000                 0.538890
27.045300               464.180000                 0.558360
27.169900               464.760000                 0.608680
27.294600               465.340000                 0.702820
27.419200               466.050000                 0.790470
27.543800               466.630000                 0.808330
27.668500               467.210000                 0.756390
27.793100               467.800000                 0.759630
27.917700               468.500000                 0.775860
28.042400               469.090000                 0.715810
28.167000               469.670000                 0.678480
28.291600               470.370000                 0.659000
28.416300               470.960000                 0.642770
28.540900               471.540000                 0.675230
28.665500               472.130000                 0.684970
28.790200               472.710000                 0.647640
28.914800               473.300000                 0.644390
29.039400               474.000000                 0.657370
29.164100               474.580000                 0.670360
29.288700               475.170000                 0.727170
29.413300               475.870000                 0.766130
29.538000               476.450000                 0.788850
29.662600               477.040000                 0.769370
29.787200               477.620000                 0.738530
29.911900               478.320000                 0.749890
30.036500               478.910000                 0.762880
30.161100               479.500000                 0.745020
30.285800               480.080000                 0.712560
30.410400               480.780000                 0.676850
30.535000               481.370000                 0.642770
30.659700               481.950000                 0.646010
30.784300               482.650000                 0.644390
30.908900               483.120000                 0.621670
31.033600               483.820000                 0.584330
31.158200               484.520000                 0.563230
31.282800               485.340000                 0.547000
31.407500               485.690000                 0.553490
31.532100               486.510000                 0.650880
31.656700               486.980000                 0.691460
31.781400               487.680000                 0.676850
31.906000               488.380000                 0.670360
32.030600               488.850000                 0.663870
32.155300               489.440000                 0.659000
32.279900               490.250000                 0.647640
32.404500               491.070000                 0.636270
32.529200               491.660000                 0.647640
32.653800               492.240000                 0.660620
32.778400               492.830000                 0.647640
32.903100               493.410000                 0.647640
33.027700               494.110000                 0.670360
33.152300               494.700000                 0.659000
33.277000               495.400000                 0.629780
33.401600               495.990000                 0.607060
33.526200               496.570000                 0.598940
33.650900               497.150000                 0.605430
33.775500               497.860000                 0.634650
33.900100               498.320000                 0.694710
34.024700               499.030000                 0.746650
34.149400               499.610000                 0.754760
34.274000               500.190000                 0.751520
34.398600               500.900000                 0.727170
34.523300               501.480000                 0.678480
34.647900               502.070000                 0.646010
34.772500               502.650000                 0.639520
34.897200               503.240000                 0.628160
35.021800               503.940000                 0.618420
35.146400               504.520000                 0.626540
35.271100               505.220000                 0.637900
35.395700               505.690000                 0.650880
35.520300               506.390000                 0.671980
35.645000               506.980000                 0.680100
35.769600               507.680000                 0.660620
35.894200               508.380000                 0.616800
36.018900               508.850000                 0.585960
36.143500               509.550000                 0.572970
36.268100               510.370000                 0.568100
36.392800               511.070000                 0.563230
36.517400               511.420000                 0.548620
36.642000               512.120000                 0.529150
36.766700               512.940000                 0.517780
36.891300               513.640000                 0.512910
37.015900               514.230000                 0.516160
37.140600               514.810000                 0.522650
37.265200               515.280000                 0.535640
37.389800               516.100000                 0.564860
37.514500               516.570000                 0.602190
37.639100               517.270000                 0.623290
37.763700               517.860000                 0.624910
37.888400               518.560000                 0.603810
38.013000               519.020000                 0.602190
38.137600               519.730000                 0.597320
38.262300               520.310000                 0.585960
38.386900               520.780000                 0.563230
38.511500               521.600000                 0.551870
38.636200               522.180000                 0.538890
38.760800               522.770000                 0.519410
38.885400               523.470000                 0.503180
39.010100               524.050000                 0.504800
39.134700               524.640000                 0.514540
39.259300               525.220000                 0.517780
39.384000               525.920000                 0.530770
39.508600               526.510000                 0.572970
39.633200               527.090000                 0.624910
39.757900               527.680000                 0.673610
39.882500               528.380000                 0.717430
40.007100               528.970000                 0.764500
40.131800               529.550000                 0.785600
40.256400               530.250000                 0.761260
40.381000               530.840000                 0.735290
40.505700               531.770000                 0.722300
40.630300               532.120000                 0.712560
40.754900               532.940000                 0.704450
40.879600               533.640000                 0.686590
41.004200               534.110000                 0.655750
41.128800               534.700000                 0.637900
41.253400               535.160000                 0.620040
41.378100               535.980000                 0.610300
41.502700               536.570000                 0.594070
41.627300               537.380000                 0.582710
41.752000               537.740000                 0.571350
41.876600               538.550000                 0.561610
42.001200               539.020000                 0.550250
42.125900               539.720000                 0.542130
42.250500               540.540000                 0.551870
42.375100               540.890000                 0.564860
42.499800               541.600000                 0.594070
42.624400               542.300000                 0.633030
42.749000               542.880000                 0.650880
42.873700               543.470000                 0.660620
42.998300               544.050000                 0.657370
43.122900               544.750000                 0.646010
43.247600               545.340000                 0.644390
43.372200               545.810000                 0.636270
43.496800               546.510000                 0.623290
43.621500               547.210000                 0.603810
43.746100               547.790000                 0.594070
43.870700               548.380000                 0.590830
43.995400               548.960000                 0.603810
44.120000               549.660000                 0.624910
44.244600               550.250000                 0.607060
44.369300               550.950000                 0.579460
44.493900               551.540000                 0.545380
44.618500               552.120000                 0.529150
44.743200               552.710000                 0.537260
44.867800               553.410000                 0.545380
44.992400               553.990000                 0.538890
45.117100               554.580000                 0.532390
45.241700               555.160000                 0.532390
45.366300               555.750000                 0.529150
45.491000               556.330000                 0.524280
45.615600               557.030000                 0.535640
45.740200               557.620000                 0.566480
45.864900               558.200000                 0.610300
45.989500               558.900000                 0.637900
46.114100               559.490000                 0.633030
46.238800               560.070000                 0.620040
46.363400               560.660000                 0.605430
46.488000               561.240000                 0.594070
46.612700               561.950000                 0.589200
46.737300               562.530000                 0.590830
46.861900               563.470000                 0.595700
46.986600               564.050000                 0.618420
47.111200               564.400000                 0.628160
47.235800               564.990000                 0.628160
47.360500               565.800000                 0.621670
47.485100               566.390000                 0.598940
47.609700               567.090000                 0.581090
47.734400               567.910000                 0.582710
47.859000               568.490000                 0.590830
47.983600               569.200000                 0.602190
48.108300               569.660000                 0.600560
48.232900               570.370000                 0.589200
48.357500               570.950000                 0.572970
48.482200               571.650000                 0.553490
48.606800               572.240000                 0.532390
48.731400               572.820000                 0.517780
48.856000               573.410000                 0.506420
48.980700               573.990000                 0.514540
49.105300               574.690000                 0.529150
49.229900               575.280000                 0.529150
49.354600               575.860000                 0.517780
49.479200               576.450000                 0.514540
49.603800               577.030000                 0.542130
49.728500               577.730000                 0.582710
49.853100               578.320000                 0.587580
49.977700               579.020000                 0.572970
50.102400               579.600000                 0.572970
50.227000               580.190000                 0.587580
50.351600               581.010000                 0.594070
50.476300               581.710000                 0.587580
50.600900               582.410000                 0.577840
50.725500               583.110000                 0.561610
50.850200               583.810000                 0.540510
50.974800               584.400000                 0.527520
51.099400               584.980000                 0.548620
51.224100               585.690000                 0.629780
51.348700               586.270000                 0.740160
51.473300               586.970000                 0.821310
51.598000               587.560000                 0.845660
51.722600               588.140000                 0.832670
51.847200               588.840000                 0.801840
51.971900               589.430000                 0.762880
52.096500               590.130000                 0.740160
52.221100               590.720000                 0.709320
52.345800               591.420000                 0.693080
52.470400               591.770000                 0.717430
52.595000               592.470000                 0.727170
52.719700               593.050000                 0.743400
52.844300               593.750000                 0.707690
52.968900               594.340000                 0.659000
53.093600               595.040000                 0.649260
53.218200               595.860000                 0.637900
53.342800               596.560000                 0.613550
53.467500               597.260000                 0.603810
53.592100               597.850000                 0.602190
53.716700               598.430000                 0.615170
53.841400               599.020000                 0.660620
53.966000               599.600000                 0.704450
54.090600               600.300000                 0.702820
54.215300               600.890000                 0.667110
54.339900               601.470000                 0.639520
54.464500               602.060000                 0.654130
54.589200               602.760000                 0.691460
54.713800               603.350000                 0.720680
54.838400               603.930000                 0.725550
54.963100               604.510000                 0.709320
55.087700               605.220000                 0.681720
55.212300               605.800000                 0.660620
55.337000               606.500000                 0.654130
55.461600               607.090000                 0.652510
55.586200               607.670000                 0.663870
55.710900               608.260000                 0.675230
55.835500               608.960000                 0.678480
55.960100               609.430000                 0.680100
56.084800               610.130000                 0.667110
56.209400               610.710000                 0.649260
56.334000               611.300000                 0.633030
56.458600               612.000000                 0.615170
56.583300               612.580000                 0.600560
56.707900               613.170000                 0.585960
56.832500               613.750000                 0.571350
56.957200               614.570000                 0.558360
57.081800               615.040000                 0.559990
57.206400               615.620000                 0.571350
57.331100               616.680000                 0.585960
57.455700               616.910000                 0.598940
57.580300               617.500000                 0.597320
57.705000               618.320000                 0.585960
57.829600               618.900000                 0.571350
57.954200               619.370000                 0.545380
58.078900               620.070000                 0.535640
58.203500               620.770000                 0.543750
58.328100               621.360000                 0.558360
58.452800               621.940000                 0.572970
58.577400               622.760000                 0.587580
58.702000               623.230000                 0.595700
58.826700               624.160000                 0.621670
58.951300               624.750000                 0.676850
59.075900               625.220000                 0.719050
59.200600               625.920000                 0.725550
59.325200               626.270000                 0.710940
59.449800               626.970000                 0.691460
59.574500               627.670000                 0.670360
59.699100               628.020000                 0.671980
59.823700               628.840000                 0.676850
59.948400               629.420000                 0.667110
60.073000               630.130000                 0.628160
60.197600               630.590000                 0.616800
60.322300               631.180000                 0.613550
60.446900               632.000000                 0.607060
60.571500               632.580000                 0.615170
60.696200               633.280000                 0.616800
60.820800               633.750000                 0.618420
60.945400               634.450000                 0.616800
61.070100               635.150000                 0.618420
61.194700               635.740000                 0.624910
61.319300               636.330000                 0.620040
61.444000               636.910000                 0.605430
61.568600               637.610000                 0.605430
61.693200               638.200000                 0.611930
61.817900               638.780000                 0.662240
61.942500               639.370000                 0.751520
62.067100               640.070000                 0.806700
62.191800               640.650000                 0.816440
62.316400               641.240000                 0.818070
62.441000               641.940000                 0.785600
62.565700               642.520000                 0.746650
62.690300               643.110000                 0.715810
62.814900               643.690000                 0.693080
62.939600               644.390000                 0.665490
63.064200               644.980000                 0.676850
63.188800               645.560000                 0.719050
63.313500               646.150000                 0.756390
63.438100               646.850000                 0.777490
63.562700               647.550000                 0.790470
63.687400               648.140000                 0.806700
63.812000               648.610000                 0.801840
63.936600               649.310000                 0.758010
64.061200               649.890000                 0.707690
64.185900               650.710000                 0.667110
64.310500               651.410000                 0.654130
64.435100               652.110000                 0.676850
64.559800               652.580000                 0.663870
64.684400               653.170000                 0.642770
64.809000               653.630000                 0.676850
64.933700               654.220000                 0.736910
65.058300               655.040000                 0.762880
65.182900               655.740000                 0.771000
65.307600               656.320000                 0.774240
65.432200               657.020000                 0.749890
65.556800               657.730000                 0.696330
65.681500               658.310000                 0.659000
65.806100               658.900000                 0.637900
65.930700               659.480000                 0.642770
66.055400               660.180000                 0.676850
66.180000               660.770000                 0.647640
66.304600               661.470000                 0.634650
66.429300               662.050000                 0.654130
66.553900               662.640000                 0.650880
66.678500               663.220000                 0.654130
66.803200               663.920000                 0.665490
66.927800               664.510000                 0.693080
67.052400               665.100000                 0.722300
67.177100               665.680000                 0.732040
67.301700               666.260000                 0.723920
67.426300               666.970000                 0.717430
67.551000               667.550000                 0.725550
67.675600               668.130000                 0.766130
67.800200               668.840000                 0.795340
67.924900               669.300000                 0.842410
68.049500               670.010000                 0.874880
68.174100               670.590000                 0.858650
68.298800               671.410000                 0.822940
68.423400               672.230000                 0.779110
68.548000               672.580000                 0.733660
68.672700               673.280000                 0.714190
68.797300               673.980000                 0.730420
68.921900               674.450000                 0.733660
69.046600               675.030000                 0.693080
69.171200               675.970000                 0.673610
69.295800               676.440000                 0.683350
69.420500               677.260000                 0.704450
69.545100               677.840000                 0.720680
69.669700               678.430000                 0.725550
69.794400               679.130000                 0.706070
69.919000               679.710000                 0.684970
70.043600               680.300000                 0.701200
70.168300               680.880000                 0.730420
70.292900               681.590000                 0.735290
70.417500               682.170000                 0.740160
70.542200               682.750000                 0.767750
70.666800               683.460000                 0.771000
70.791400               684.040000                 0.751520
70.916100               684.620000                 0.714190
71.040700               685.210000                 0.691460
71.165300               685.790000                 0.681720
71.289900               686.380000                 0.681720
71.414600               687.080000                 0.678480
71.539200               687.670000                 0.675230
71.663800               688.250000                 0.662240
71.788500               688.840000                 0.668740
71.913100               689.540000                 0.680100
72.037700               690.120000                 0.693080
72.162400               690.710000                 0.689840
72.287000               691.290000                 0.663870
72.411600               691.990000                 0.657370
72.536300               692.580000                 0.663870
72.660900               693.160000                 0.649260
72.785500               693.750000                 0.624910
72.910200               694.450000                 0.613550
73.034800               695.030000                 0.613550
73.159400               695.620000                 0.608680
73.284100               696.200000                 0.594070
73.408700               696.900000                 0.585960
73.533300               697.490000                 0.581090
73.658000               698.080000                 0.576220
73.782600               698.890000                 0.569720
73.907200               699.360000                 0.603810
74.031900               700.060000                 0.717430
74.156500               700.760000                 0.792100
74.281100               701.580000                 0.808330
74.405800               701.930000                 0.759630
74.530400               702.640000                 0.722300
74.655000               703.100000                 0.694710
74.779700               703.690000                 0.670360
74.904300               704.270000                 0.662240
75.028900               705.210000                 0.667110
75.153600               705.440000                 0.663870
75.278200               706.260000                 0.655750
75.402800               706.850000                 0.657370
75.527500               707.780000                 0.652510
75.652100               708.130000                 0.673610
75.776700               709.070000                 0.761260
75.901400               709.540000                 0.792100
76.026000               710.240000                 0.811570
76.150600               710.820000                 0.852150
76.275300               711.410000                 0.844040
76.399900               712.110000                 0.821310
76.524500               712.690000                 0.821310
76.649200               713.280000                 0.827810
76.773800               713.860000                 0.806700
76.898400               714.560000                 0.795340
77.023100               715.150000                 0.796970
77.147700               715.730000                 0.780730
77.272300               716.440000                 0.758010
77.397000               717.020000                 0.730420
77.521600               717.610000                 0.712560
77.646200               718.190000                 0.699580
77.770900               718.890000                 0.699580
77.895500               719.590000                 0.702820
78.020100               720.060000                 0.702820
78.144800               720.650000                 0.709320
78.269400               721.230000                 0.709320
78.394000               721.930000                 0.706070
78.518700               722.520000                 0.706070
78.643300               723.100000                 0.707690
78.767900               723.690000                 0.704450
78.892500               724.270000                 0.678480
79.017200               724.970000                 0.647640
79.141800               725.560000                 0.641140
79.266400               726.260000                 0.642770
79.391100               726.730000                 0.631400
79.515700               727.430000                 0.626540
79.640300               728.130000                 0.631400
