

Цикл № 1
Шаг  № 1
Точек  640
Линейная потенцио. развертка , ЭДС 272,03мВ, Скорость развертки 5,0001 мВ/с.
Время, с.              Потенциал, мВ            Ток, мкА
0.124600               270.740000                 -0.102260
0.249300               271.320000                 0.069800
0.373900               272.030000                 0.134720
0.498500               272.610000                 0.196400
0.623200               273.190000                 0.243470
0.747800               273.780000                 0.272690
0.872400               274.480000                 0.301910
0.997100               275.070000                 0.340860
1.121700               275.650000                 0.358720
1.246300               276.240000                 0.373320
1.371000               276.820000                 0.391180
1.495600               277.520000                 0.420400
1.620200               278.110000                 0.435000
1.744900               278.690000                 0.452860
1.869500               279.280000                 0.464220
1.994100               279.980000                 0.478830
2.118800               280.560000                 0.495060
2.243400               281.150000                 0.506420
2.368000               281.730000                 0.530770
2.492700               282.320000                 0.568100
2.617300               282.900000                 0.587580
2.741900               283.600000                 0.608680
2.866600               284.310000                 0.644390
2.991200               284.890000                 0.654130
3.115800               285.590000                 0.657370
3.240500               286.180000                 0.659000
3.365100               286.880000                 0.655750
3.489700               287.580000                 0.659000
3.614400               288.280000                 0.657370
3.739000               288.980000                 0.660620
3.863600               289.690000                 0.660620
3.988200               290.270000                 0.663870
4.112900               290.860000                 0.668740
4.237500               291.440000                 0.671980
4.362100               291.790000                 0.675230
4.486800               292.730000                 0.683350
4.611400               293.310000                 0.688210
4.736000               293.780000                 0.696330
4.860700               294.480000                 0.697950
4.985300               295.180000                 0.709320
5.109900               295.770000                 0.715810
5.234600               296.350000                 0.722300
5.359200               296.940000                 0.717430
5.483800               297.640000                 0.735290
5.608500               298.220000                 0.736910
5.733100               298.810000                 0.727170
5.857700               299.510000                 0.710940
5.982400               300.090000                 0.719050
6.107000               300.680000                 0.715810
6.231600               301.260000                 0.727170
6.356300               301.850000                 0.723920
6.480900               302.550000                 0.733660
6.605500               303.130000                 0.728790
6.730200               303.720000                 0.732040
6.854800               304.420000                 0.727170
6.979400               305.010000                 0.732040
7.104100               305.590000                 0.740160
7.228700               306.290000                 0.746650
7.353300               307.110000                 0.745020
7.478000               307.460000                 0.756390
7.602600               308.050000                 0.761260
7.727200               308.870000                 0.771000
7.851900               309.450000                 0.771000
7.976500               309.920000                 0.771000
8.101100               310.500000                 0.785600
8.225800               311.090000                 0.850530
8.350400               311.790000                 0.925190
8.475000               312.370000                 1.011200
8.599700               312.960000                 1.053400
8.724300               313.540000                 1.058300
8.848900               314.130000                 1.042100
8.973600               314.830000                 1.024200
9.098200               315.530000                 1.006400
9.222800               316.230000                 0.988500
9.347500               316.700000                 0.954410
9.472100               317.520000                 0.930060
9.596700               318.220000                 0.917080
9.721400               318.690000                 0.900850
9.846000               319.160000                 0.884620
9.970600               319.740000                 0.876500
10.095300               320.330000                 0.874880
10.219900               320.910000                 0.858650
10.344500               321.610000                 0.844040
10.469200               322.310000                 0.837540
10.593800               322.780000                 0.827810
10.718400               323.370000                 0.814820
10.843100               324.300000                 0.808330
10.967700               325.120000                 0.801840
11.092300               325.710000                 0.785600
11.217000               326.410000                 0.769370
11.341600               326.990000                 0.756390
11.466200               327.580000                 0.746650
11.590800               328.160000                 0.748270
11.715500               328.750000                 0.738530
11.840100               329.330000                 0.730420
11.964700               329.920000                 0.730420
12.089400               330.620000                 0.733660
12.214000               331.080000                 0.736910
12.338600               331.790000                 0.751520
12.463300               332.250000                 0.767750
12.587900               333.070000                 0.777490
12.712500               333.660000                 0.774240
12.837200               334.240000                 0.762880
12.961800               334.940000                 0.753140
13.086400               335.530000                 0.741780
13.211100               336.110000                 0.723920
13.335700               336.700000                 0.719050
13.460300               337.400000                 0.720680
13.585000               337.990000                 0.728790
13.709600               338.570000                 0.722300
13.834200               339.150000                 0.722300
13.958900               339.860000                 0.714190
14.083500               340.440000                 0.704450
14.208100               341.030000                 0.693080
14.332800               341.610000                 0.676850
14.457400               342.310000                 0.665490
14.582000               342.900000                 0.657370
14.706700               343.720000                 0.657370
14.831300               344.180000                 0.671980
14.955900               344.770000                 0.683350
15.080600               345.350000                 0.676850
15.205200               346.170000                 0.702820
15.329800               346.760000                 0.738530
15.454500               347.340000                 0.746650
15.579100               347.930000                 0.761260
15.703700               348.390000                 0.766130
15.828400               348.980000                 0.762880
15.953000               349.680000                 0.745020
16.077600               350.620000                 0.733660
16.202300               350.970000                 0.725550
16.326900               351.550000                 0.746650
16.451500               352.490000                 0.771000
16.576200               352.950000                 0.783980
16.700800               353.770000                 0.777490
16.825400               354.480000                 0.759630
16.950100               355.060000                 0.733660
17.074700               355.640000                 0.712560
17.199300               356.230000                 0.689840
17.324000               356.810000                 0.668740
17.448600               357.520000                 0.652510
17.573200               358.100000                 0.654130
17.697900               358.690000                 0.662240
17.822500               359.270000                 0.663870
17.947100               359.970000                 0.652510
18.071800               360.560000                 0.655750
18.196400               361.140000                 0.654130
18.321000               361.840000                 0.652510
18.445700               362.430000                 0.650880
18.570300               363.010000                 0.654130
18.694900               363.600000                 0.649260
18.819500               364.180000                 0.649260
18.944200               364.880000                 0.642770
19.068800               365.470000                 0.659000
19.193400               366.290000                 0.681720
19.318100               366.750000                 0.723920
19.442700               367.340000                 0.779110
19.567300               367.930000                 0.818070
19.692000               368.510000                 0.842410
19.816600               369.210000                 0.845660
19.941200               369.800000                 0.848910
20.065900               370.380000                 0.842410
20.190500               370.960000                 0.831050
20.315100               371.780000                 0.814820
20.439800               372.250000                 0.790470
20.564400               372.840000                 0.769370
20.689000               373.540000                 0.753140
20.813700               374.240000                 0.738530
20.938300               374.940000                 0.735290
21.062900               375.530000                 0.749890
21.187600               376.230000                 0.774240
21.312200               376.810000                 0.813200
21.436800               377.630000                 0.858650
21.561500               378.100000                 0.904090
21.686100               378.800000                 0.934930
21.810700               379.390000                 0.952790
21.935400               380.090000                 0.933310
22.060000               380.790000                 0.915460
22.184600               381.370000                 0.899220
22.309300               381.960000                 0.878120
22.433900               382.540000                 0.866760
22.558500               383.130000                 0.852150
22.683200               383.710000                 0.835920
22.807800               384.420000                 0.819690
22.932400               385.000000                 0.805080
23.057100               385.580000                 0.808330
23.181700               386.170000                 0.832670
23.306300               386.870000                 0.858650
23.431000               387.450000                 0.879750
23.555600               388.040000                 0.882990
23.680200               388.620000                 0.871630
23.804900               389.330000                 0.844040
23.929500               389.910000                 0.832670
24.054100               390.500000                 0.858650
24.178800               391.080000                 0.891110
24.303400               391.780000                 0.897600
24.428000               392.370000                 0.878120
24.552700               393.070000                 0.850530
24.677300               393.650000                 0.816440
24.801900               394.240000                 0.788850
24.926600               394.820000                 0.769370
25.051200               395.410000                 0.732040
25.175800               395.990000                 0.701200
25.300500               396.580000                 0.678480
25.425100               397.280000                 0.657370
25.549700               397.860000                 0.636270
25.674400               398.450000                 0.618420
25.799000               399.030000                 0.607060
25.923600               399.740000                 0.600560
26.048300               400.320000                 0.590830
26.172900               400.900000                 0.584330
26.297500               401.720000                 0.577840
26.422100               402.190000                 0.572970
26.546800               402.780000                 0.563230
26.671400               403.480000                 0.558360
26.796000               404.180000                 0.561610
26.920700               404.760000                 0.566480
27.045300               405.350000                 0.579460
27.169900               405.820000                 0.587580
27.294600               406.520000                 0.594070
27.419200               407.100000                 0.594070
27.543800               408.040000                 0.592450
27.668500               408.620000                 0.585960
27.793100               409.210000                 0.582710
27.917700               410.030000                 0.576220
28.042400               410.610000                 0.564860
28.167000               411.200000                 0.555120
28.291600               411.900000                 0.545380
28.416300               412.480000                 0.532390
28.540900               413.070000                 0.521030
28.665500               413.650000                 0.514540
28.790200               414.240000                 0.508050
28.914800               414.940000                 0.512910
29.039400               415.520000                 0.519410
29.164100               416.110000                 0.527520
29.288700               416.810000                 0.534020
29.413300               417.390000                 0.532390
29.538000               417.980000                 0.512910
29.662600               418.560000                 0.498310
29.787200               419.270000                 0.493440
29.911900               419.850000                 0.491810
30.036500               420.440000                 0.491810
30.161100               421.140000                 0.490190
30.285800               421.720000                 0.486940
30.410400               422.310000                 0.499930
30.535000               422.890000                 0.509670
30.659700               423.480000                 0.517780
30.784300               424.060000                 0.524280
30.908900               424.760000                 0.543750
31.033600               425.350000                 0.576220
31.158200               425.930000                 0.611930
31.282800               426.630000                 0.662240
31.407500               427.330000                 0.701200
31.532100               428.150000                 0.727170
31.656700               428.970000                 0.743400
31.781400               429.560000                 0.748270
31.906000               430.140000                 0.740160
32.030600               430.730000                 0.733660
32.155300               431.430000                 0.714190
32.279900               432.010000                 0.696330
32.404500               432.480000                 0.675230
32.529200               433.180000                 0.657370
32.653800               433.770000                 0.644390
32.778400               434.470000                 0.631400
32.903100               434.940000                 0.608680
33.027700               435.640000                 0.598940
33.152300               436.110000                 0.615170
33.277000               436.810000                 0.659000
33.401600               437.510000                 0.732040
33.526200               438.100000                 0.787230
33.650900               438.560000                 0.829430
33.775500               439.380000                 0.824560
33.900100               439.970000                 0.800210
34.024700               440.550000                 0.792100
34.149400               441.130000                 0.777490
34.274000               441.840000                 0.759630
34.398600               442.420000                 0.730420
34.523300               443.010000                 0.712560
34.647900               443.590000                 0.686590
34.772500               444.180000                 0.665490
34.897200               444.880000                 0.641140
35.021800               445.460000                 0.628160
35.146400               446.050000                 0.624910
35.271100               446.630000                 0.634650
35.395700               447.330000                 0.634650
35.520300               447.920000                 0.633030
35.645000               448.500000                 0.624910
35.769600               449.200000                 0.620040
35.894200               449.790000                 0.620040
36.018900               450.380000                 0.649260
36.143500               451.080000                 0.688210
36.268100               451.660000                 0.720680
36.392800               452.250000                 0.723920
36.517400               452.830000                 0.719050
36.642000               453.530000                 0.701200
36.766700               454.230000                 0.678480
36.891300               454.940000                 0.667110
37.015900               455.400000                 0.668740
37.140600               456.460000                 0.693080
37.265200               457.040000                 0.730420
37.389800               457.510000                 0.754760
37.514500               458.210000                 0.758010
37.639100               458.800000                 0.753140
37.763700               459.380000                 0.743400
37.888400               460.080000                 0.743400
38.013000               460.550000                 0.745020
38.137600               461.250000                 0.758010
38.262300               461.950000                 0.780730
38.386900               462.540000                 0.762880
38.511500               463.000000                 0.740160
38.636200               463.710000                 0.717430
38.760800               464.410000                 0.699580
38.885400               464.990000                 0.684970
39.010100               465.580000                 0.678480
39.134700               466.160000                 0.663870
39.259300               466.860000                 0.650880
39.384000               467.450000                 0.629780
39.508600               468.030000                 0.620040
39.633200               468.620000                 0.603810
39.757900               469.200000                 0.594070
39.882500               469.900000                 0.584330
40.007100               470.490000                 0.569720
40.131800               471.070000                 0.561610
40.256400               471.660000                 0.559990
40.381000               472.360000                 0.563230
40.505700               472.950000                 0.564860
40.630300               473.530000                 0.561610
40.754900               474.120000                 0.572970
40.879600               474.700000                 0.571350
41.004200               475.400000                 0.579460
41.128800               475.990000                 0.577840
41.253400               476.690000                 0.577840
41.378100               477.270000                 0.576220
41.502700               477.860000                 0.569720
41.627300               478.440000                 0.559990
41.752000               479.140000                 0.558360
41.876600               479.730000                 0.555120
42.001200               480.310000                 0.550250
42.125900               480.900000                 0.548620
42.250500               481.480000                 0.555120
42.375100               482.070000                 0.559990
42.499800               482.770000                 0.568100
42.624400               483.350000                 0.572970
42.749000               483.940000                 0.585960
42.873700               484.640000                 0.607060
42.998300               485.230000                 0.626540
43.122900               485.810000                 0.642770
43.247600               486.750000                 0.670360
43.372200               487.210000                 0.707690
43.496800               487.800000                 0.751520
43.621500               488.380000                 0.795340
43.746100               489.320000                 0.848910
43.870700               489.900000                 0.870010
43.995400               490.490000                 0.892730
44.120000               491.190000                 0.910590
44.244600               491.770000                 0.925190
44.369300               492.480000                 0.928440
44.493900               492.940000                 0.912210
44.618500               493.530000                 0.892730
44.743200               494.230000                 0.868380
44.867800               494.930000                 0.840790
44.992400               495.520000                 0.816440
45.117100               496.100000                 0.809950
45.241700               496.800000                 0.829430
45.366300               497.390000                 0.853780
45.491000               497.970000                 0.861890
45.615600               498.560000                 0.835920
45.740200               499.140000                 0.793720
45.864900               499.730000                 0.748270
45.989500               500.430000                 0.719050
46.114100               501.010000                 0.697950
46.238800               501.600000                 0.673610
46.363400               502.180000                 0.655750
46.488000               502.880000                 0.631400
46.612700               503.470000                 0.621670
46.737300               504.170000                 0.600560
46.861900               504.760000                 0.595700
46.986600               505.340000                 0.587580
47.111200               505.930000                 0.579460
47.235800               506.510000                 0.569720
47.360500               507.330000                 0.576220
47.485100               507.800000                 0.571350
47.609700               508.500000                 0.571350
47.734400               509.080000                 0.566480
47.859000               509.900000                 0.559990
47.983600               510.370000                 0.559990
48.108300               511.070000                 0.555120
48.232900               511.660000                 0.547000
48.357500               512.590000                 0.537260
48.482200               512.940000                 0.537260
48.606800               513.760000                 0.530770
48.731400               514.460000                 0.525900
48.856000               515.050000                 0.527520
48.980700               515.520000                 0.555120
49.105300               516.100000                 0.582710
49.229900               516.800000                 0.582710
49.354600               517.500000                 0.581090
49.479200               518.090000                 0.576220
49.603800               518.670000                 0.566480
49.728500               519.380000                 0.571350
49.853100               519.960000                 0.576220
49.977700               520.540000                 0.577840
50.102400               521.130000                 0.574590
50.227000               521.830000                 0.564860
50.351600               522.420000                 0.568100
50.476300               523.000000                 0.572970
50.600900               523.590000                 0.589200
50.725500               524.170000                 0.613550
50.850200               524.750000                 0.615170
50.974800               525.460000                 0.611930
51.099400               526.040000                 0.608680
51.224100               526.630000                 0.611930
51.348700               527.330000                 0.628160
51.473300               527.910000                 0.654130
51.598000               528.500000                 0.662240
51.722600               529.080000                 0.657370
51.847200               529.780000                 0.675230
51.971900               530.370000                 0.707690
52.096500               530.950000                 0.728790
52.221100               531.770000                 0.723920
52.345800               532.240000                 0.719050
52.470400               532.940000                 0.748270
52.595000               533.530000                 0.719050
52.719700               534.230000                 0.779110
52.844300               534.810000                 0.865140
52.968900               535.400000                 0.889490
53.093600               536.100000                 0.806700
53.218200               536.680000                 0.758010
53.342800               537.270000                 0.758010
53.467500               538.090000                 0.751520
53.592100               538.440000                 0.723920
53.716700               539.260000                 0.710940
53.841400               540.080000                 0.710940
53.966000               540.540000                 0.720680
54.090600               541.250000                 0.743400
54.215300               541.710000                 0.741780
54.339900               542.530000                 0.741780
54.464500               543.120000                 0.756390
54.589200               543.470000                 0.775860
54.713800               544.280000                 0.801840
54.838400               544.750000                 0.805080
54.963100               545.570000                 0.796970
55.087700               546.160000                 0.777490
55.212300               546.740000                 0.738530
55.337000               547.440000                 0.697950
55.461600               547.910000                 0.663870
55.586200               548.610000                 0.644390
55.710900               549.200000                 0.637900
55.835500               549.900000                 0.641140
55.960100               550.480000                 0.646010
56.084800               551.070000                 0.681720
56.209400               551.650000                 0.840790
56.334000               552.360000                 0.964150
56.458600               552.940000                 1.022600
56.583300               553.520000                 1.017700
56.707900               554.110000                 0.980380
56.832500               554.690000                 0.936560
56.957200               555.390000                 0.892730
57.081800               555.980000                 0.839170
57.206400               556.570000                 0.803460
57.331100               557.150000                 0.766130
57.455700               557.850000                 0.741780
57.580300               558.440000                 0.725550
57.705000               559.020000                 0.719050
57.829600               559.610000                 0.699580
57.954200               560.310000                 0.688210
58.078900               560.890000                 0.671980
58.203500               561.480000                 0.662240
58.328100               562.060000                 0.671980
58.452800               562.760000                 0.683350
58.577400               563.350000                 0.683350
58.702000               563.930000                 0.678480
58.826700               564.520000                 0.671980
58.951300               565.220000                 0.660620
59.075900               565.920000                 0.654130
59.200600               566.620000                 0.642770
59.325200               567.440000                 0.636270
59.449800               568.030000                 0.626540
59.574500               568.610000                 0.616800
59.699100               569.080000                 0.602190
59.823700               569.900000                 0.598940
59.948400               570.480000                 0.592450
60.073000               571.180000                 0.587580
60.197600               571.770000                 0.590830
60.322300               572.350000                 0.589200
60.446900               572.820000                 0.590830
60.571500               573.640000                 0.592450
60.696200               574.230000                 0.590830
60.820800               574.810000                 0.602190
60.945400               575.510000                 0.613550
61.070100               575.980000                 0.621670
61.194700               576.680000                 0.623290
61.319300               577.260000                 0.626540
61.444000               577.850000                 0.633030
61.568600               578.430000                 0.642770
61.693200               579.140000                 0.673610
61.817900               579.720000                 0.723920
61.942500               580.420000                 0.766130
62.067100               581.120000                 0.771000
62.191800               581.710000                 0.749890
62.316400               582.760000                 0.727170
62.441000               583.230000                 0.709320
62.565700               583.930000                 0.689840
62.690300               584.630000                 0.688210
62.814900               585.220000                 0.680100
62.939600               585.800000                 0.717430
63.064200               586.500000                 0.766130
63.188800               587.090000                 0.783980
63.313500               587.790000                 0.848910
63.438100               588.380000                 0.847280
63.562700               588.960000                 0.822940
63.687400               589.540000                 0.813200
63.812000               590.250000                 0.798590
63.936600               590.830000                 0.792100
64.061200               591.420000                 0.766130
64.185900               592.000000                 0.741780
64.310500               592.590000                 0.719050
64.435100               593.400000                 0.702820
64.559800               593.870000                 0.689840
64.684400               594.690000                 0.683350
64.809000               595.160000                 0.681720
64.933700               595.980000                 0.683350
65.058300               596.680000                 0.691460
65.182900               597.380000                 0.694710
65.307600               597.730000                 0.689840
65.432200               598.670000                 0.676850
65.556800               599.130000                 0.670360
65.681500               599.840000                 0.667110
65.806100               600.420000                 0.673610
65.930700               601.120000                 0.686590
66.055400               601.710000                 0.691460
66.180000               602.290000                 0.697950
66.304600               602.880000                 0.712560
66.429300               603.580000                 0.722300
66.553900               604.160000                 0.706070
66.678500               604.750000                 0.680100
66.803200               605.450000                 0.675230
66.927800               606.030000                 0.699580
67.052400               606.620000                 0.725550
67.177100               607.200000                 0.740160
67.301700               607.790000                 0.749890
67.426300               608.490000                 0.758010
67.551000               609.080000                 0.756390
67.675600               609.660000                 0.741780
67.800200               610.360000                 0.723920
67.924900               610.950000                 0.699580
68.049500               611.530000                 0.676850
68.174100               612.120000                 0.654130
68.298800               612.700000                 0.649260
68.423400               613.400000                 0.655750
68.548000               613.990000                 0.667110
68.672700               614.570000                 0.683350
68.797300               615.270000                 0.680100
68.921900               615.860000                 0.668740
69.046600               616.440000                 0.659000
69.171200               617.030000                 0.647640
69.295800               617.730000                 0.631400
69.420500               618.320000                 0.618420
69.545100               618.900000                 0.613550
69.669700               619.480000                 0.621670
69.794400               620.190000                 0.628160
69.919000               620.890000                 0.633030
70.043600               621.470000                 0.634650
70.168300               622.170000                 0.623290
70.292900               622.760000                 0.605430
70.417500               623.230000                 0.594070
70.542200               624.040000                 0.595700
70.666800               624.630000                 0.603810
70.791400               625.450000                 0.613550
70.916100               625.800000                 0.616800
71.040700               626.380000                 0.615170
71.165300               627.200000                 0.613550
71.289900               627.790000                 0.605430
71.414600               628.250000                 0.597320
71.539200               628.720000                 0.592450
71.663800               629.780000                 0.590830
71.788500               630.130000                 0.585960
71.913100               630.590000                 0.582710
72.037700               631.180000                 0.581090
72.162400               632.120000                 0.584330
72.287000               632.580000                 0.597320
72.411600               633.400000                 0.605430
72.536300               634.100000                 0.607060
72.660900               634.340000                 0.595700
72.785500               635.150000                 0.594070
72.910200               635.860000                 0.598940
73.034800               636.330000                 0.589200
73.159400               637.140000                 0.585960
73.284100               637.610000                 0.584330
73.408700               638.310000                 0.582710
73.533300               639.010000                 0.585960
73.658000               639.600000                 0.594070
73.782600               640.180000                 0.607060
73.907200               640.890000                 0.613550
74.031900               641.470000                 0.611930
74.156500               642.060000                 0.626540
74.281100               642.760000                 0.626540
74.405800               643.340000                 0.633030
74.530400               643.930000                 0.636270
74.655000               644.510000                 0.649260
74.779700               645.210000                 0.657370
74.904300               645.800000                 0.655750
75.028900               646.380000                 0.675230
75.153600               646.970000                 0.696330
75.278200               647.550000                 0.697950
75.402800               648.250000                 0.681720
75.527500               648.840000                 0.684970
75.652100               649.420000                 0.693080
75.776700               650.010000                 0.671980
75.901400               650.710000                 0.667110
76.026000               651.290000                 0.660620
76.150600               652.000000                 0.646010
76.275300               652.580000                 0.628160
76.399900               653.050000                 0.615170
76.524500               653.870000                 0.605430
76.649200               654.450000                 0.597320
76.773800               654.920000                 0.592450
76.898400               655.620000                 0.623290
77.023100               656.210000                 0.646010
77.147700               656.910000                 0.665490
77.272300               657.960000                 0.668740
77.397000               658.430000                 0.662240
77.521600               659.130000                 0.655750
77.646200               659.720000                 0.646010
77.770900               660.420000                 0.631400
77.895500               661.000000                 0.628160
78.020100               661.590000                 0.628160
78.144800               662.170000                 0.647640
78.269400               662.760000                 0.671980
78.394000               663.460000                 0.693080
78.518700               664.040000                 0.702820
78.643300               664.630000                 0.697950
78.767900               665.210000                 0.676850
78.892500               665.910000                 0.675230
79.017200               666.500000                 0.676850
79.141800               667.080000                 0.681720
79.266400               667.670000                 0.668740
79.391100               668.250000                 0.650880
79.515700               668.950000                 0.634650
79.640300               669.540000                 0.626540
79.765000               670.240000                 0.615170
