

Цикл № 1
Шаг  № 1
Точек  639
Линейная потенцио. развертка , ЭДС 307,75мВ, Скорость развертки 5,0001 мВ/с.
Время, с.              Потенциал, мВ            Ток, мкА
0.124600               306.410000                 -0.754760
0.249300               306.990000                 -0.254830
0.373900               307.690000                 -0.019480
0.498500               308.400000                 0.193150
0.623200               308.980000                 0.337610
0.747800               309.680000                 0.452860
0.872400               310.150000                 0.519410
0.997100               310.850000                 0.610300
1.121700               311.320000                 0.689840
1.246300               311.910000                 0.753140
1.371000               312.610000                 0.769370
1.495600               313.310000                 0.831050
1.620200               313.890000                 0.861890
1.744900               314.710000                 0.902470
1.869500               315.300000                 0.917080
1.994100               315.880000                 0.952790
2.118800               316.470000                 0.978760
2.243400               317.050000                 1.012800
2.368000               317.870000                 0.991740
2.492700               318.450000                 1.012800
2.617300               319.160000                 1.008000
2.741900               319.740000                 1.011200
2.866600               319.980000                 1.022600
2.991200               320.560000                 1.021000
3.115800               321.140000                 1.035600
3.240500               321.730000                 1.048600
3.365100               322.550000                 1.043700
3.489700               323.370000                 1.053400
3.614400               323.830000                 1.068000
3.739000               324.420000                 1.077800
3.863600               325.120000                 1.081000
3.988200               325.820000                 1.092400
4.112900               326.520000                 1.108600
4.237500               327.230000                 1.110200
4.362100               327.810000                 1.118300
4.486800               328.400000                 1.107000
4.611400               328.980000                 1.118300
4.736000               329.560000                 1.115100
4.860700               330.270000                 1.111900
4.985300               330.850000                 1.105400
5.109900               331.320000                 1.108600
5.234600               332.020000                 1.111900
5.359200               332.610000                 1.097300
5.483800               333.310000                 1.110200
5.608500               333.890000                 1.124800
5.733100               334.480000                 1.116700
5.857700               335.180000                 1.108600
5.982400               335.760000                 1.102100
6.107000               336.350000                 1.098900
6.231600               336.930000                 1.095600
6.356300               337.630000                 1.092400
6.480900               338.220000                 1.079400
6.605500               338.800000                 1.079400
6.730200               339.390000                 1.079400
6.854800               340.090000                 1.072900
6.979400               340.680000                 1.053400
7.104100               341.260000                 1.058300
7.228700               341.850000                 1.046900
7.353300               342.550000                 1.032300
7.478000               343.250000                 1.016100
7.602600               343.720000                 1.029100
7.727200               344.300000                 1.021000
7.851900               345.120000                 1.022600
7.976500               345.590000                 1.014500
8.101100               346.290000                 1.033900
8.225800               346.990000                 1.053400
8.350400               347.570000                 1.058300
8.475000               348.160000                 1.038800
8.599700               348.630000                 1.032300
8.724300               349.560000                 1.025800
8.848900               350.030000                 1.021000
8.973600               350.620000                 1.004700
9.098200               351.440000                 1.003100
9.222800               351.790000                 0.993370
9.347500               352.720000                 0.986870
9.472100               353.310000                 0.962530
9.596700               354.010000                 0.964150
9.721400               354.590000                 0.967400
9.846000               355.290000                 0.972270
9.970600               355.760000                 0.952790
10.095300               356.460000                 0.939800
10.219900               357.050000                 0.926820
10.344500               357.750000                 0.923570
10.469200               358.330000                 0.910590
10.593800               358.920000                 0.905720
10.718400               359.500000                 0.895980
10.843100               360.210000                 0.895980
10.967700               360.790000                 0.897600
11.092300               361.490000                 0.879750
11.217000               362.080000                 0.863510
11.341600               362.660000                 0.857020
11.466200               363.250000                 0.850530
11.590800               363.830000                 0.850530
11.715500               364.530000                 0.871630
11.840100               365.120000                 0.921950
11.964700               365.700000                 0.925190
12.089400               366.400000                 0.894350
12.214000               366.870000                 0.873250
12.338600               367.570000                 0.868380
12.463300               368.160000                 0.865140
12.587900               368.740000                 0.848910
12.712500               369.330000                 0.844040
12.837200               370.150000                 0.837540
12.961800               370.620000                 0.821310
13.086400               371.200000                 0.805080
13.211100               371.780000                 0.800210
13.335700               372.490000                 0.787230
13.460300               373.190000                 0.775860
13.585000               374.010000                 0.771000
13.709600               374.470000                 0.787230
13.834200               375.060000                 0.779110
13.958900               375.760000                 0.774240
14.083500               376.350000                 0.753140
14.208100               377.050000                 0.741780
14.332800               377.870000                 0.735290
14.457400               378.330000                 0.723920
14.582000               378.920000                 0.706070
14.706700               379.740000                 0.706070
14.831300               380.320000                 0.699580
14.955900               380.910000                 0.701200
15.080600               381.490000                 0.719050
15.205200               382.190000                 0.741780
15.329800               382.780000                 0.749890
15.454500               383.360000                 0.759630
15.579100               384.060000                 0.769370
15.703700               384.650000                 0.782360
15.828400               385.230000                 0.787230
15.953000               385.820000                 0.785600
16.077600               386.400000                 0.782360
16.202300               386.990000                 0.775860
16.326900               387.690000                 0.772620
16.451500               388.270000                 0.777490
16.576200               388.860000                 0.758010
16.700800               389.560000                 0.743400
16.825400               390.140000                 0.733660
16.950100               390.730000                 0.728790
17.074700               391.310000                 0.719050
17.199300               392.020000                 0.717430
17.324000               392.600000                 0.710940
17.448600               393.190000                 0.699580
17.573200               393.770000                 0.680100
17.697900               394.360000                 0.671980
17.822500               395.060000                 0.667110
17.947100               395.640000                 0.663870
18.071800               396.230000                 0.662240
18.196400               396.810000                 0.655750
18.321000               397.400000                 0.650880
18.445700               398.100000                 0.647640
18.570300               398.800000                 0.642770
18.694900               399.270000                 0.631400
18.819500               399.970000                 0.626540
18.944200               400.550000                 0.618420
19.068800               401.140000                 0.611930
19.193400               401.960000                 0.615170
19.318100               402.660000                 0.610300
19.442700               403.240000                 0.608680
19.567300               403.590000                 0.600560
19.692000               404.180000                 0.585960
19.816600               404.880000                 0.574590
19.941200               405.470000                 0.569720
20.065900               406.050000                 0.564860
20.190500               406.630000                 0.566480
20.315100               407.450000                 0.564860
20.439800               408.160000                 0.561610
20.564400               408.620000                 0.563230
20.689000               409.440000                 0.558360
20.813700               410.140000                 0.566480
20.938300               410.850000                 0.582710
21.062900               411.310000                 0.603810
21.187600               412.010000                 0.605430
21.312200               412.720000                 0.605430
21.436800               413.300000                 0.608680
21.561500               413.890000                 0.615170
21.686100               414.470000                 0.615170
21.810700               415.170000                 0.624910
21.935400               415.760000                 0.642770
22.060000               416.340000                 0.654130
22.184600               416.930000                 0.670360
22.309300               417.630000                 0.681720
22.433900               418.210000                 0.684970
22.558500               418.800000                 0.678480
22.683200               419.500000                 0.663870
22.807800               420.080000                 0.646010
22.932400               420.670000                 0.629780
23.057100               421.370000                 0.618420
23.181700               421.840000                 0.603810
23.306300               422.540000                 0.592450
23.431000               423.120000                 0.576220
23.555600               423.710000                 0.561610
23.680200               424.300000                 0.551870
23.804900               425.000000                 0.547000
23.929500               425.580000                 0.535640
24.054100               426.170000                 0.527520
24.178800               426.750000                 0.524280
24.303400               427.800000                 0.527520
24.428000               428.500000                 0.532390
24.552700               429.090000                 0.545380
24.677300               429.670000                 0.564860
24.801900               430.380000                 0.581090
24.926600               430.960000                 0.589200
25.051200               431.550000                 0.602190
25.175800               432.250000                 0.620040
25.300500               432.830000                 0.624910
25.425100               433.420000                 0.629780
25.549700               434.000000                 0.631400
25.674400               434.470000                 0.628160
25.799000               435.290000                 0.610300
25.923600               435.870000                 0.592450
26.048300               436.460000                 0.581090
26.172900               437.040000                 0.574590
26.297500               437.740000                 0.566480
26.422100               438.330000                 0.550250
26.546800               438.910000                 0.547000
26.671400               439.380000                 0.538890
26.796000               440.200000                 0.543750
26.920700               440.790000                 0.534020
27.045300               441.370000                 0.529150
27.169900               441.950000                 0.519410
27.294600               442.660000                 0.514540
27.419200               443.240000                 0.514540
27.543800               443.820000                 0.504800
27.668500               444.530000                 0.509670
27.793100               445.110000                 0.522650
27.917700               445.700000                 0.553490
28.042400               446.280000                 0.592450
28.167000               446.980000                 0.626540
28.291600               447.570000                 0.637900
28.416300               448.150000                 0.633030
28.540900               448.740000                 0.636270
28.665500               449.320000                 0.639520
28.790200               450.020000                 0.641140
28.914800               450.610000                 0.639520
29.039400               451.190000                 0.628160
29.164100               452.010000                 0.618420
29.288700               452.480000                 0.608680
29.413300               453.180000                 0.605430
29.538000               453.650000                 0.600560
29.662600               454.350000                 0.597320
29.787200               455.170000                 0.613550
29.911900               455.990000                 0.642770
30.036500               456.570000                 0.689840
30.161100               457.040000                 0.738530
30.285800               457.860000                 0.761260
30.410400               458.330000                 0.777490
30.535000               459.030000                 0.785600
30.659700               459.730000                 0.796970
30.784300               460.200000                 0.787230
30.908900               460.900000                 0.758010
31.033600               461.370000                 0.725550
31.158200               462.190000                 0.697950
31.282800               462.770000                 0.668740
31.407500               463.240000                 0.644390
31.532100               463.820000                 0.618420
31.656700               464.520000                 0.602190
31.781400               465.230000                 0.592450
31.906000               465.810000                 0.582710
32.030600               466.400000                 0.572970
32.155300               467.100000                 0.563230
32.279900               467.680000                 0.553490
32.404500               468.270000                 0.545380
32.529200               468.850000                 0.530770
32.653800               469.550000                 0.519410
32.778400               470.140000                 0.527520
32.903100               470.720000                 0.532390
33.027700               471.310000                 0.524280
33.152300               471.890000                 0.516160
33.277000               472.600000                 0.524280
33.401600               473.180000                 0.540510
33.526200               473.760000                 0.563230
33.650900               474.350000                 0.577840
33.775500               475.050000                 0.592450
33.900100               475.640000                 0.598940
34.024700               476.220000                 0.613550
34.149400               476.810000                 0.624910
34.274000               477.510000                 0.631400
34.398600               478.090000                 0.628160
34.523300               478.680000                 0.621670
34.647900               479.260000                 0.616800
34.772500               479.960000                 0.607060
34.897200               480.550000                 0.603810
35.021800               481.130000                 0.590830
35.146400               481.720000                 0.584330
35.271100               482.300000                 0.585960
35.395700               483.000000                 0.595700
35.520300               483.590000                 0.600560
35.645000               484.170000                 0.600560
35.769600               484.880000                 0.594070
35.894200               485.810000                 0.585960
36.018900               486.040000                 0.581090
36.143500               486.750000                 0.574590
36.268100               487.450000                 0.564860
36.392800               488.030000                 0.558360
36.517400               488.620000                 0.550250
36.642000               489.320000                 0.553490
36.766700               490.140000                 0.553490
36.891300               490.840000                 0.550250
37.015900               491.420000                 0.538890
37.140600               491.770000                 0.522650
37.265200               492.590000                 0.521030
37.389800               493.180000                 0.524280
37.514500               493.880000                 0.524280
37.639100               494.460000                 0.534020
37.763700               495.170000                 0.543750
37.888400               495.750000                 0.551870
38.013000               496.340000                 0.568100
38.137600               496.920000                 0.603810
38.262300               497.500000                 0.673610
38.386900               498.210000                 0.740160
38.511500               498.790000                 0.740160
38.636200               499.380000                 0.689840
38.760800               499.960000                 0.659000
38.885400               500.660000                 0.641140
39.010100               501.250000                 0.639520
39.134700               501.830000                 0.636270
39.259300               502.420000                 0.634650
39.384000               503.120000                 0.628160
39.508600               503.700000                 0.623290
39.633200               504.290000                 0.628160
39.757900               504.990000                 0.636270
39.882500               505.570000                 0.633030
40.007100               506.160000                 0.629780
40.131800               506.740000                 0.626540
40.256400               507.330000                 0.633030
40.381000               508.030000                 0.628160
40.505700               508.730000                 0.615170
40.630300               509.200000                 0.597320
40.754900               509.900000                 0.587580
40.879600               510.600000                 0.585960
41.004200               511.190000                 0.597320
41.128800               512.010000                 0.597320
41.253400               512.590000                 0.615170
41.378100               513.410000                 0.620040
41.502700               513.760000                 0.628160
41.627300               514.700000                 0.626540
41.752000               515.160000                 0.616800
41.876600               515.870000                 0.608680
42.001200               516.450000                 0.595700
42.125900               516.920000                 0.585960
42.250500               517.740000                 0.577840
42.375100               518.210000                 0.569720
42.499800               518.910000                 0.563230
42.624400               519.490000                 0.550250
42.749000               520.080000                 0.532390
42.873700               520.780000                 0.524280
42.998300               521.360000                 0.525900
43.122900               521.950000                 0.542130
43.247600               522.530000                 0.569720
43.372200               523.230000                 0.590830
43.496800               523.820000                 0.607060
43.621500               524.400000                 0.613550
43.746100               524.990000                 0.629780
43.870700               525.690000                 0.650880
43.995400               526.270000                 0.678480
44.120000               526.980000                 0.723920
44.244600               527.560000                 0.777490
44.369300               528.150000                 0.787230
44.493900               528.730000                 0.777490
44.618500               529.430000                 0.775860
44.743200               530.020000                 0.777490
44.867800               530.600000                 0.748270
44.992400               531.300000                 0.706070
45.117100               531.770000                 0.675230
45.241700               532.590000                 0.647640
45.366300               533.170000                 0.628160
45.491000               533.760000                 0.611930
45.615600               534.580000                 0.618420
45.740200               535.050000                 0.626540
45.864900               535.750000                 0.633030
45.989500               536.450000                 0.618420
46.114100               536.800000                 0.611930
46.238800               537.380000                 0.633030
46.363400               538.090000                 0.660620
46.488000               538.910000                 0.688210
46.612700               539.370000                 0.720680
46.737300               540.080000                 0.738530
46.861900               540.780000                 0.723920
46.986600               541.360000                 0.696330
47.111200               541.950000                 0.673610
47.235800               542.530000                 0.646010
47.360500               543.350000                 0.621670
47.485100               543.820000                 0.608680
47.609700               544.520000                 0.602190
47.734400               544.990000                 0.598940
47.859000               545.690000                 0.602190
47.983600               546.270000                 0.603810
48.108300               546.860000                 0.611930
48.232900               547.560000                 0.603810
48.357500               548.140000                 0.598940
48.482200               548.850000                 0.605430
48.606800               549.430000                 0.628160
48.731400               550.020000                 0.639520
48.856000               550.600000                 0.646010
48.980700               551.300000                 0.646010
49.105300               551.890000                 0.633030
49.229900               552.470000                 0.600560
49.354600               553.170000                 0.576220
49.479200               553.760000                 0.556740
49.603800               554.340000                 0.561610
49.728500               554.930000                 0.568100
49.853100               555.510000                 0.592450
49.977700               556.210000                 0.639520
50.102400               556.800000                 0.694710
50.227000               557.380000                 0.743400
50.351600               557.970000                 0.741780
50.476300               558.670000                 0.702820
50.600900               559.250000                 0.683350
50.725500               559.840000                 0.665490
50.850200               560.420000                 0.646010
50.974800               561.130000                 0.624910
51.099400               561.710000                 0.615170
51.224100               562.300000                 0.607060
51.348700               562.880000                 0.595700
51.473300               563.580000                 0.577840
51.598000               564.280000                 0.568100
51.722600               564.750000                 0.568100
51.847200               565.450000                 0.566480
51.971900               566.150000                 0.561610
52.096500               566.740000                 0.551870
52.221100               567.560000                 0.559990
52.345800               568.140000                 0.585960
52.470400               568.610000                 0.605430
52.595000               569.310000                 0.620040
52.719700               570.010000                 0.634650
52.844300               570.600000                 0.639520
52.968900               571.300000                 0.639520
53.093600               571.880000                 0.637900
53.218200               572.470000                 0.646010
53.342800               573.170000                 0.650880
53.467500               573.760000                 0.646010
53.592100               574.340000                 0.636270
53.716700               575.040000                 0.620040
53.841400               575.510000                 0.605430
53.966000               576.100000                 0.594070
54.090600               576.800000                 0.584330
54.215300               577.500000                 0.577840
54.339900               578.080000                 0.571350
54.464500               578.780000                 0.566480
54.589200               579.370000                 0.556740
54.713800               579.960000                 0.547000
54.838400               580.540000                 0.538890
54.963100               581.360000                 0.534020
55.087700               581.830000                 0.527520
55.212300               582.410000                 0.529150
55.337000               583.580000                 0.534020
55.461600               584.160000                 0.547000
55.586200               584.870000                 0.561610
55.710900               585.450000                 0.569720
55.835500               586.040000                 0.572970
55.960100               586.740000                 0.572970
56.084800               587.320000                 0.576220
56.209400               587.910000                 0.572970
56.334000               588.490000                 0.585960
56.458600               589.080000                 0.597320
56.583300               589.780000                 0.602190
56.707900               590.360000                 0.590830
56.832500               590.950000                 0.577840
56.957200               591.530000                 0.576220
57.081800               592.240000                 0.571350
57.206400               592.820000                 0.571350
57.331100               593.400000                 0.571350
57.455700               593.990000                 0.569720
57.580300               594.690000                 0.553490
57.705000               595.270000                 0.543750
57.829600               595.980000                 0.547000
57.954200               596.680000                 0.568100
58.078900               597.260000                 0.589200
58.203500               597.850000                 0.613550
58.328100               598.550000                 0.631400
58.452800               599.370000                 0.647640
58.577400               599.950000                 0.662240
58.702000               600.300000                 0.673610
58.826700               601.240000                 0.688210
58.951300               601.940000                 0.691460
59.075900               602.530000                 0.689840
59.200600               602.990000                 0.670360
59.325200               603.700000                 0.654130
59.449800               604.400000                 0.639520
59.574500               604.980000                 0.628160
59.699100               605.570000                 0.613550
59.823700               606.150000                 0.598940
59.948400               606.850000                 0.592450
60.073000               607.440000                 0.577840
60.197600               608.020000                 0.563230
60.322300               608.730000                 0.558360
60.446900               609.310000                 0.559990
60.571500               609.890000                 0.589200
60.696200               610.480000                 0.615170
60.820800               611.060000                 0.636270
60.945400               611.760000                 0.634650
61.070100               612.350000                 0.621670
61.194700               612.930000                 0.600560
61.319300               613.520000                 0.585960
61.444000               614.220000                 0.581090
61.568600               614.810000                 0.585960
61.693200               615.390000                 0.585960
61.817900               615.980000                 0.587580
61.942500               616.680000                 0.589200
62.067100               617.260000                 0.590830
62.191800               617.850000                 0.598940
62.316400               618.430000                 0.602190
62.441000               619.130000                 0.611930
62.565700               619.720000                 0.620040
62.690300               620.300000                 0.618420
62.814900               620.890000                 0.610300
62.939600               621.590000                 0.595700
63.064200               622.170000                 0.594070
63.188800               622.760000                 0.607060
63.313500               623.340000                 0.629780
63.438100               624.040000                 0.639520
63.562700               624.630000                 0.646010
63.687400               625.450000                 0.637900
63.812000               625.800000                 0.621670
63.936600               626.380000                 0.610300
64.061200               627.090000                 0.605430
64.185900               627.670000                 0.602190
64.310500               628.250000                 0.623290
64.435100               628.840000                 0.641140
64.559800               629.540000                 0.655750
64.684400               630.130000                 0.657370
64.809000               630.710000                 0.650880
64.933700               631.300000                 0.646010
65.058300               632.000000                 0.650880
65.182900               632.580000                 0.652510
65.307600               633.170000                 0.657370
65.432200               633.870000                 0.660620
65.556800               634.570000                 0.657370
65.681500               635.510000                 0.657370
65.806100               635.620000                 0.646010
65.930700               636.680000                 0.649260
66.055400               637.140000                 0.665490
66.180000               637.730000                 0.668740
66.304600               638.550000                 0.670360
66.429300               639.130000                 0.659000
66.553900               639.830000                 0.639520
66.678500               640.420000                 0.623290
66.803200               641.000000                 0.608680
66.927800               641.710000                 0.600560
67.052400               642.290000                 0.600560
67.177100               642.870000                 0.607060
67.301700               643.580000                 0.613550
67.426300               644.160000                 0.613550
67.551000               644.750000                 0.623290
67.675600               645.330000                 0.641140
67.800200               645.910000                 0.663870
67.924900               646.500000                 0.670360
68.049500               647.200000                 0.670360
68.174100               647.790000                 0.668740
68.298800               648.370000                 0.662240
68.423400               648.960000                 0.641140
68.548000               649.660000                 0.620040
68.672700               650.240000                 0.602190
68.797300               650.830000                 0.607060
68.921900               651.530000                 0.598940
69.046600               652.110000                 0.595700
69.171200               652.700000                 0.597320
69.295800               653.400000                 0.594070
69.420500               654.100000                 0.587580
69.545100               654.570000                 0.582710
69.669700               655.150000                 0.581090
69.794400               655.740000                 0.576220
69.919000               656.670000                 0.577840
70.043600               657.260000                 0.571350
70.168300               657.730000                 0.572970
70.292900               658.430000                 0.563230
70.417500               659.250000                 0.556740
70.542200               659.830000                 0.553490
70.666800               660.420000                 0.551870
70.791400               661.120000                 0.551870
70.916100               661.820000                 0.547000
71.040700               662.400000                 0.545380
71.165300               662.990000                 0.542130
71.289900               663.690000                 0.540510
71.414600               664.280000                 0.538890
71.539200               664.860000                 0.538890
71.663800               665.450000                 0.535640
71.788500               666.150000                 0.538890
71.913100               666.730000                 0.535640
72.037700               667.320000                 0.538890
72.162400               667.900000                 0.534020
72.287000               668.600000                 0.535640
72.411600               669.190000                 0.532390
72.536300               669.770000                 0.534020
72.660900               670.360000                 0.568100
72.785500               671.060000                 0.621670
72.910200               671.640000                 0.649260
73.034800               672.230000                 0.646010
73.159400               672.810000                 0.649260
73.284100               673.400000                 0.654130
73.408700               674.100000                 0.647640
73.533300               674.680000                 0.655750
73.658000               675.270000                 0.662240
73.782600               675.970000                 0.676850
73.907200               676.670000                 0.689840
74.031900               677.260000                 0.693080
74.156500               677.960000                 0.694710
74.281100               678.780000                 0.693080
74.405800               679.360000                 0.688210
74.530400               679.950000                 0.680100
74.655000               680.650000                 0.675230
74.779700               681.350000                 0.659000
74.904300               681.930000                 0.649260
75.028900               682.520000                 0.629780
75.153600               683.110000                 0.615170
75.278200               683.810000                 0.621670
75.402800               684.390000                 0.649260
75.527500               684.860000                 0.678480
75.652100               685.680000                 0.691460
75.776700               686.260000                 0.694710
75.901400               686.850000                 0.696330
76.026000               687.430000                 0.688210
76.150600               688.020000                 0.678480
76.275300               688.600000                 0.670360
76.399900               689.300000                 0.659000
76.524500               689.890000                 0.647640
76.649200               690.470000                 0.639520
76.773800               691.060000                 0.639520
76.898400               691.760000                 0.637900
77.023100               692.340000                 0.633030
77.147700               692.930000                 0.621670
77.272300               693.630000                 0.618420
77.397000               694.220000                 0.618420
77.521600               694.800000                 0.628160
77.646200               695.380000                 0.626540
77.770900               696.090000                 0.626540
77.895500               696.670000                 0.624910
78.020100               697.260000                 0.621670
78.144800               697.840000                 0.615170
78.269400               698.420000                 0.610300
78.394000               699.130000                 0.610300
78.518700               699.710000                 0.607060
78.643300               700.300000                 0.608680
78.767900               701.000000                 0.628160
78.892500               701.580000                 0.647640
79.017200               702.170000                 0.681720
79.141800               702.750000                 0.706070
79.266400               703.340000                 0.715810
79.391100               704.040000                 0.710940
79.515700               704.620000                 0.694710
79.640300               705.210000                 0.678480
