

Цикл № 1
Шаг  № 1
Точек  643
Линейная потенцио. развертка , Скорость развертки 5,0001 мВ/с.
Время, с.              Потенциал, мВ            Ток, мкА
0.124600               -0.116950                 -19.724000
0.249300               -0.818650                 -15.896000
0.373900               -1.403400                 -13.493000
0.498500               -1.988200                 -11.820000
0.623200               -2.923800                 -10.612000
0.747800               -3.625400                 -9.712900
0.872400               -4.210200                 -9.002000
0.997100               -4.795000                 -8.406300
1.121700               -5.496600                 -7.899900
1.246300               -5.964500                 -7.497300
1.371000               -6.549200                 -7.245700
1.495600               -7.133900                 -7.268500
1.620200               -7.718700                 -7.294400
1.744900               -8.420400                 -7.197000
1.869500               -9.122100                 -7.023400
1.994100               -9.706800                 -6.784800
2.118800               -10.409000                 -6.614300
2.243400               -11.227000                 -6.463400
2.368000               -12.163000                 -6.190700
2.492700               -12.864000                 -5.877400
2.617300               -13.917000                 -5.640400
2.741900               -14.736000                 -5.552800
2.866600               -15.671000                 -5.556000
2.991200               -16.373000                 -5.564100
3.115800               -17.075000                 -5.560900
3.240500               -17.659000                 -5.544700
3.365100               -18.127000                 -5.505700
3.489700               -18.829000                 -5.442400
3.614400               -19.063000                 -5.330400
3.739000               -19.531000                 -5.198900
3.863600               -20.115000                 -5.046400
3.988200               -20.700000                 -4.914900
4.112900               -21.285000                 -4.828900
4.237500               -21.870000                 -4.760700
4.362100               -22.454000                 -4.700600
4.486800               -23.039000                 -4.614600
4.611400               -23.507000                 -4.543200
4.736000               -24.326000                 -4.501000
4.860700               -24.910000                 -4.488000
4.985300               -25.495000                 -4.505900
5.109900               -26.080000                 -4.505900
5.234600               -26.665000                 -4.502600
5.359200               -27.249000                 -4.492900
5.483800               -27.951000                 -4.421500
5.608500               -28.536000                 -4.325700
5.733100               -29.121000                 -4.251000
5.857700               -29.705000                 -4.212100
5.982400               -30.290000                 -4.228300
6.107000               -30.992000                 -4.290000
6.231600               -31.576000                 -4.354900
6.356300               -32.161000                 -4.380900
6.480900               -32.746000                 -4.379200
6.605500               -33.331000                 -4.358200
6.730200               -34.032000                 -4.296500
6.854800               -34.617000                 -4.195800
6.979400               -35.202000                 -4.101700
7.104100               -35.787000                 -4.035100
7.228700               -36.488000                 -3.973500
7.353300               -37.073000                 -3.902100
7.478000               -37.658000                 -3.827400
7.602600               -38.360000                 -3.756000
7.727200               -38.944000                 -3.692700
7.851900               -39.529000                 -3.674800
7.976500               -40.114000                 -3.721900
8.101100               -40.816000                 -3.895600
8.225800               -41.517000                 -4.067600
8.350400               -42.219000                 -4.079000
8.475000               -42.687000                 -4.018900
8.599700               -43.272000                 -3.997800
8.724300               -43.739000                 -4.020500
8.848900               -44.909000                 -3.984800
8.973600               -45.377000                 -3.869600
9.098200               -45.844000                 -3.744600
9.222800               -46.663000                 -3.648800
9.347500               -47.248000                 -3.598500
9.472100               -47.716000                 -3.551400
9.596700               -48.534000                 -3.535200
9.721400               -49.119000                 -3.613100
9.846000               -49.704000                 -3.747900
9.970600               -50.172000                 -3.864700
10.095300               -50.990000                 -3.916700
10.219900               -51.575000                 -3.921500
10.344500               -52.160000                 -3.893900
10.469200               -52.745000                 -3.833900
10.593800               -53.446000                 -3.757600
10.718400               -54.031000                 -3.708900
10.843100               -54.616000                 -3.679700
10.967700               -55.200000                 -3.668300
11.092300               -55.785000                 -3.645600
11.217000               -56.487000                 -3.572600
11.341600               -57.072000                 -3.507600
11.466200               -57.656000                 -3.486500
11.590800               -58.241000                 -3.530300
11.715500               -58.826000                 -3.692700
11.840100               -59.411000                 -3.824100
11.964700               -60.112000                 -3.884200
12.089400               -60.697000                 -3.879300
12.214000               -61.282000                 -3.866300
12.338600               -61.867000                 -3.908500
12.463300               -62.568000                 -3.994600
12.587900               -63.153000                 -4.043300
12.712500               -63.738000                 -4.038400
12.837200               -64.323000                 -4.001100
12.961800               -64.907000                 -4.025400
13.086400               -65.609000                 -4.053000
13.211100               -66.194000                 -4.048100
13.335700               -66.778000                 -4.005900
13.460300               -67.363000                 -3.947500
13.585000               -67.948000                 -3.984800
13.709600               -68.650000                 -4.176400
13.834200               -69.234000                 -4.363000
13.958900               -69.936000                 -4.486400
14.083500               -70.521000                 -4.660100
14.208100               -71.106000                 -4.798000
14.332800               -71.690000                 -4.794800
14.457400               -72.392000                 -4.583800
14.582000               -72.977000                 -4.268900
14.706700               -73.678000                 -4.030300
14.831300               -74.263000                 -3.950700
14.955900               -75.082000                 -3.893900
15.080600               -75.667000                 -3.825800
15.205200               -76.017000                 -3.788400
15.329800               -77.070000                 -3.788400
15.454500               -77.655000                 -3.790000
15.579100               -78.240000                 -3.752700
15.703700               -78.824000                 -3.686200
15.828400               -79.526000                 -3.614700
15.953000               -80.111000                 -3.561200
16.077600               -80.695000                 -3.541700
16.202300               -81.280000                 -3.564400
16.326900               -81.865000                 -3.665100
16.451500               -82.567000                 -3.923200
16.576200               -83.151000                 -4.199100
16.700800               -83.736000                 -4.385700
16.825400               -84.321000                 -4.512300
16.950100               -84.906000                 -4.552900
17.074700               -85.490000                 -4.518800
17.199300               -86.075000                 -4.403600
17.324000               -86.777000                 -4.270500
17.448600               -87.362000                 -4.220200
17.573200               -87.946000                 -4.213700
17.697900               -88.648000                 -4.182900
17.822500               -89.233000                 -4.114700
17.947100               -89.818000                 -4.010800
18.071800               -90.402000                 -3.934500
18.196400               -91.104000                 -3.898800
18.321000               -91.572000                 -3.916700
18.445700               -92.274000                 -3.988100
18.570300               -92.858000                 -4.014100
18.694900               -93.443000                 -3.976700
18.819500               -94.028000                 -3.952400
18.944200               -94.730000                 -3.926400
19.068800               -95.314000                 -3.850100
19.193400               -96.016000                 -3.704000
19.318100               -96.718000                 -3.583900
19.442700               -97.536000                 -3.533600
19.567300               -98.121000                 -3.483300
19.692000               -98.589000                 -3.431300
19.816600               -99.525000                 -3.371300
19.941200               -99.758000                 -3.299900
20.065900               -100.690000                 -3.215500
20.190500               -101.050000                 -3.153800
20.315100               -101.750000                 -3.142400
20.439800               -102.450000                 -3.163500
20.564400               -103.030000                 -3.213800
20.689000               -103.380000                 -3.282000
20.813700               -104.080000                 -3.348500
20.938300               -104.900000                 -3.431300
21.062900               -105.490000                 -3.569300
21.187600               -106.190000                 -3.689400
21.312200               -106.780000                 -3.790000
21.436800               -107.360000                 -3.858200
21.561500               -107.940000                 -3.866300
21.686100               -108.650000                 -3.801400
21.810700               -109.230000                 -3.720300
21.935400               -109.820000                 -3.624500
22.060000               -110.400000                 -3.543300
22.184600               -110.990000                 -3.504400
22.309300               -111.690000                 -3.486500
22.433900               -112.270000                 -3.484900
22.558500               -112.860000                 -3.489800
22.683200               -113.440000                 -3.509300
22.807800               -114.140000                 -3.523800
22.932400               -114.730000                 -3.520600
23.057100               -115.310000                 -3.515700
23.181700               -115.900000                 -3.522200
23.306300               -116.720000                 -3.523800
23.431000               -117.300000                 -3.525500
23.555600               -117.890000                 -3.499500
23.680200               -118.470000                 -3.454100
23.804900               -119.060000                 -3.379400
23.929500               -119.640000                 -3.303100
24.054100               -120.220000                 -3.226800
24.178800               -120.930000                 -3.166800
24.303400               -121.510000                 -3.135900
24.428000               -121.980000                 -3.170000
24.552700               -122.560000                 -3.264100
24.677300               -123.270000                 -3.470300
24.801900               -123.850000                 -3.856600
24.926600               -124.440000                 -4.290000
25.051200               -125.140000                 -4.460400
25.175800               -126.070000                 -4.236400
25.300500               -126.310000                 -3.949100
25.425100               -127.360000                 -3.780300
25.549700               -127.830000                 -3.616400
25.674400               -128.530000                 -3.535200
25.799000               -129.230000                 -3.557900
25.923600               -129.700000                 -3.593600
26.048300               -130.400000                 -3.543300
26.172900               -130.750000                 -3.447600
26.297500               -131.690000                 -3.389100
26.422100               -132.150000                 -3.355000
26.546800               -132.850000                 -3.346900
26.671400               -133.440000                 -3.340400
26.796000               -134.140000                 -3.342100
26.920700               -134.730000                 -3.334000
27.045300               -135.310000                 -3.348500
27.169900               -135.900000                 -3.398900
27.294600               -136.480000                 -3.445900
27.419200               -137.180000                 -3.489800
27.543800               -137.770000                 -3.556300
27.668500               -138.350000                 -3.665100
27.793100               -138.940000                 -3.731600
27.917700               -139.520000                 -3.715400
28.042400               -140.110000                 -3.640700
28.167000               -140.810000                 -3.538500
28.291600               -141.390000                 -3.408600
28.416300               -141.860000                 -3.280400
28.540900               -142.560000                 -3.171600
28.665500               -143.030000                 -3.095300
28.790200               -143.730000                 -3.064500
28.914800               -144.320000                 -3.093700
29.039400               -145.020000                 -3.118100
29.164100               -145.600000                 -3.108300
29.288700               -146.300000                 -3.088800
29.413300               -146.890000                 -3.062900
29.538000               -147.470000                 -3.059600
29.662600               -148.060000                 -3.074200
29.787200               -148.640000                 -3.069400
29.911900               -149.340000                 -3.051500
30.036500               -149.930000                 -3.097000
30.161100               -150.510000                 -3.228400
30.285800               -151.100000                 -3.350200
30.410400               -151.680000                 -3.416700
30.535000               -152.390000                 -3.465400
30.659700               -153.200000                 -3.481700
30.784300               -153.670000                 -3.444300
30.908900               -154.370000                 -3.402100
31.033600               -155.190000                 -3.410200
31.158200               -155.780000                 -3.463800
31.282800               -156.480000                 -3.535200
31.407500               -156.830000                 -3.575800
31.532100               -157.650000                 -3.593600
31.656700               -157.880000                 -3.644000
31.781400               -158.940000                 -3.593600
31.906000               -159.400000                 -3.575800
32.030600               -159.870000                 -3.652100
32.155300               -160.810000                 -3.759200
32.279900               -161.160000                 -3.801400
32.404500               -161.980000                 -3.700800
32.529200               -162.440000                 -3.548200
32.653800               -163.260000                 -3.478400
32.778400               -163.850000                 -3.528700
32.903100               -164.430000                 -3.562800
33.027700               -165.020000                 -3.491400
33.152300               -165.480000                 -3.369700
33.277000               -165.720000                 -3.267400
33.401600               -166.300000                 -3.207300
33.526200               -166.890000                 -3.189500
33.650900               -167.470000                 -3.181400
33.775500               -168.060000                 -3.178100
33.900100               -168.760000                 -3.163500
34.024700               -169.340000                 -3.204100
34.149400               -169.930000                 -3.303100
34.274000               -170.980000                 -3.343700
34.398600               -171.680000                 -3.291700
34.523300               -172.270000                 -3.236600
34.647900               -172.970000                 -3.212200
34.772500               -173.550000                 -3.215500
34.897200               -174.260000                 -3.236600
35.021800               -174.840000                 -3.259300
35.146400               -175.430000                 -3.267400
35.271100               -176.010000                 -3.259300
35.395700               -176.590000                 -3.264100
35.520300               -177.300000                 -3.262500
35.645000               -177.880000                 -3.283600
35.769600               -178.470000                 -3.286900
35.894200               -179.050000                 -3.243100
36.018900               -179.630000                 -3.191100
36.143500               -180.220000                 -3.166800
36.268100               -180.920000                 -3.158700
36.392800               -181.510000                 -3.155400
36.517400               -182.090000                 -3.148900
36.642000               -182.790000                 -3.142400
36.766700               -183.500000                 -3.142400
36.891300               -184.310000                 -3.135900
37.015900               -184.660000                 -3.135900
37.140600               -185.600000                 -3.178100
37.265200               -186.180000                 -3.210600
37.389800               -186.890000                 -3.210600
37.514500               -187.470000                 -3.189500
37.639100               -187.940000                 -3.194400
37.763700               -188.640000                 -3.239800
37.888400               -189.340000                 -3.332300
38.013000               -189.930000                 -3.494600
38.137600               -190.510000                 -3.637500
38.262300               -191.100000                 -3.645600
38.386900               -191.800000                 -3.587200
38.511500               -192.380000                 -3.541700
38.636200               -192.970000                 -3.512500
38.760800               -193.550000                 -3.463800
38.885400               -194.250000                 -3.416700
39.010100               -194.840000                 -3.371300
39.134700               -195.420000                 -3.325800
39.259300               -196.010000                 -3.278800
39.384000               -196.590000                 -3.223600
39.508600               -197.290000                 -3.176500
39.633200               -197.880000                 -3.155400
39.757900               -198.460000                 -3.139200
39.882500               -199.050000                 -3.093700
40.007100               -199.630000                 -3.046700
40.131800               -200.220000                 -3.027200
40.256400               -200.920000                 -3.043400
40.381000               -201.500000                 -3.072600
40.505700               -202.090000                 -3.088800
40.630300               -202.670000                 -3.109900
40.754900               -203.260000                 -3.213800
40.879600               -203.960000                 -3.554700
41.004200               -204.550000                 -4.035100
41.128800               -205.130000                 -4.371100
41.253400               -205.720000                 -4.445800
41.378100               -206.300000                 -4.328900
41.502700               -206.880000                 -4.195800
41.627300               -207.590000                 -4.152000
41.752000               -208.170000                 -4.156900
41.876600               -208.760000                 -4.066000
42.001200               -209.460000                 -3.991300
42.125900               -210.040000                 -3.983200
42.250500               -210.630000                 -4.020500
42.375100               -211.210000                 -4.053000
42.499800               -211.800000                 -4.072500
42.624400               -212.500000                 -4.046500
42.749000               -213.200000                 -4.007600
42.873700               -213.670000                 -3.971800
42.998300               -214.370000                 -3.949100
43.122900               -215.070000                 -3.893900
43.247600               -215.540000                 -3.814400
43.372200               -216.240000                 -3.736500
43.496800               -216.820000                 -3.648800
43.621500               -217.530000                 -3.553100
43.746100               -218.230000                 -3.476800
43.870700               -219.050000                 -3.437800
43.995400               -219.630000                 -3.381000
44.120000               -220.220000                 -3.317700
44.244600               -220.690000                 -3.340400
44.369300               -221.500000                 -3.476800
44.493900               -222.090000                 -3.734900
44.618500               -222.670000                 -4.005900
44.743200               -223.260000                 -4.203900
44.867800               -223.960000                 -4.304600
44.992400               -224.430000                 -4.330600
45.117100               -225.130000                 -4.270500
45.241700               -225.710000                 -4.223400
45.366300               -226.300000                 -4.226700
45.491000               -227.000000                 -4.268900
45.615600               -227.590000                 -4.262400
45.740200               -228.170000                 -4.197500
45.864900               -228.750000                 -4.114700
45.989500               -229.460000                 -4.033500
46.114100               -230.040000                 -3.967000
46.238800               -230.620000                 -3.962100
46.363400               -231.210000                 -4.051400
46.488000               -231.910000                 -4.169900
46.612700               -232.500000                 -4.210400
46.737300               -233.080000                 -4.109800
46.861900               -233.670000                 -3.978300
46.986600               -234.250000                 -3.898800
47.111200               -234.840000                 -3.835500
47.235800               -235.540000                 -3.751100
47.360500               -236.120000                 -3.676400
47.485100               -236.710000                 -3.629400
47.609700               -237.290000                 -3.618000
47.734400               -238.230000                 -3.671600
47.859000               -238.580000                 -3.741400
47.983600               -239.160000                 -3.634200
48.108300               -239.980000                 -3.444300
48.232900               -240.680000                 -3.880900
48.357500               -241.270000                 -4.768800
48.482200               -242.090000                 -5.195700
48.606800               -242.440000                 -5.312600
48.731400               -243.260000                 -5.061000
48.856000               -243.720000                 -4.893800
48.980700               -244.430000                 -4.949000
49.105300               -245.130000                 -4.937600
49.229900               -245.590000                 -4.916500
49.354600               -246.410000                 -4.955500
49.479200               -247.000000                 -5.140500
49.603800               -247.580000                 -5.349900
49.728500               -248.170000                 -5.455400
49.853100               -248.750000                 -5.401800
49.977700               -249.450000                 -5.198900
50.102400               -250.040000                 -5.009000
50.227000               -250.620000                 -4.851600
50.351600               -251.210000                 -4.710400
50.476300               -251.910000                 -4.575700
50.600900               -252.500000                 -4.419800
50.725500               -253.080000                 -4.268900
50.850200               -253.660000                 -4.182900
50.974800               -254.250000                 -4.194200
51.099400               -254.950000                 -4.301300
51.224100               -255.420000                 -4.413300
51.348700               -256.120000                 -4.466900
51.473300               -256.820000                 -4.402000
51.598000               -257.410000                 -4.328900
51.722600               -257.990000                 -4.268900
51.847200               -258.580000                 -4.171500
51.971900               -259.280000                 -4.044900
52.096500               -259.860000                 -3.924800
52.221100               -260.450000                 -3.833900
52.345800               -261.270000                 -3.820900
52.470400               -261.730000                 -3.970200
52.595000               -262.200000                 -4.239700
52.719700               -262.900000                 -4.346800
52.844300               -263.610000                 -4.312700
52.968900               -264.190000                 -4.220200
53.093600               -264.660000                 -4.113100
53.218200               -265.710000                 -3.997800
53.342800               -266.410000                 -3.908500
53.467500               -266.880000                 -3.840400
53.592100               -267.580000                 -3.794900
53.716700               -268.050000                 -3.783600
53.841400               -268.870000                 -3.846900
53.966000               -269.450000                 -3.983200
54.090600               -269.690000                 -4.121200
54.215300               -270.620000                 -4.179600
54.339900               -271.210000                 -4.143900
54.464500               -271.910000                 -4.067600
54.589200               -272.490000                 -4.002700
54.713800               -273.080000                 -3.962100
54.838400               -273.660000                 -3.957200
54.963100               -274.250000                 -3.970200
55.087700               -274.950000                 -3.970200
55.212300               -275.530000                 -3.939400
55.337000               -276.120000                 -3.876100
55.461600               -276.820000                 -3.804700
55.586200               -277.400000                 -3.754300
55.710900               -277.990000                 -3.717000
55.835500               -278.570000                 -3.691000
55.960100               -279.160000                 -3.673200
56.084800               -279.860000                 -3.665100
56.209400               -280.450000                 -3.694300
56.334000               -281.030000                 -3.751100
56.458600               -281.620000                 -3.799800
56.583300               -282.200000                 -3.806300
56.707900               -282.900000                 -3.786800
56.832500               -283.370000                 -3.762500
56.957200               -284.070000                 -3.738100
57.081800               -284.660000                 -3.738100
57.206400               -285.240000                 -3.723500
57.331100               -286.060000                 -3.715400
57.455700               -286.530000                 -3.710500
57.580300               -287.110000                 -3.692700
57.705000               -287.810000                 -3.657000
57.829600               -288.400000                 -3.632600
57.954200               -288.980000                 -3.608300
58.078900               -289.570000                 -3.608300
58.203500               -290.150000                 -3.712100
58.328100               -290.740000                 -3.926400
58.452800               -291.440000                 -4.126000
58.577400               -291.910000                 -4.236400
58.702000               -292.610000                 -4.260800
58.826700               -293.190000                 -4.210400
58.951300               -293.780000                 -4.085500
59.075900               -294.480000                 -4.010800
59.200600               -295.060000                 -3.918300
59.325200               -295.650000                 -3.819300
59.449800               -296.470000                 -3.757600
59.574500               -297.050000                 -3.705600
59.699100               -297.640000                 -3.687800
59.823700               -298.220000                 -3.756000
59.948400               -299.040000                 -3.799800
60.073000               -299.740000                 -3.756000
60.197600               -300.210000                 -3.681300
60.322300               -300.910000                 -3.681300
60.446900               -301.610000                 -3.678000
60.571500               -302.200000                 -3.655300
60.696200               -302.780000                 -3.637500
60.820800               -303.490000                 -3.598500
60.945400               -304.070000                 -3.546600
61.070100               -304.770000                 -3.564400
61.194700               -305.360000                 -3.760800
61.319300               -305.940000                 -4.007600
61.444000               -306.530000                 -4.145500
61.568600               -307.110000                 -4.137400
61.693200               -307.690000                 -4.027000
61.817900               -308.400000                 -3.863100
61.942500               -308.980000                 -3.700800
62.067100               -309.570000                 -3.583900
62.191800               -310.030000                 -3.510900
62.316400               -310.850000                 -3.426500
62.441000               -311.440000                 -3.416700
62.565700               -312.020000                 -3.734900
62.690300               -312.610000                 -4.083800
62.814900               -313.190000                 -4.090300
62.939600               -313.890000                 -4.004300
63.064200               -314.480000                 -3.957200
63.188800               -315.060000                 -3.934500
63.313500               -315.650000                 -3.885800
63.438100               -316.230000                 -3.790000
63.562700               -316.940000                 -3.691000
63.687400               -317.520000                 -3.608300
63.812000               -318.100000                 -3.553100
63.936600               -318.810000                 -3.512500
64.061200               -319.390000                 -3.476800
64.185900               -319.980000                 -3.445900
64.310500               -320.560000                 -3.411900
64.435100               -321.140000                 -3.379400
64.559800               -321.730000                 -3.337200
64.684400               -322.550000                 -3.296600
64.809000               -323.130000                 -3.247900
64.933700               -323.600000                 -3.205700
65.058300               -324.300000                 -3.204100
65.182900               -324.770000                 -3.251200
65.307600               -325.470000                 -3.321000
65.432200               -326.520000                 -3.392400
65.556800               -326.990000                 -3.486500
65.681500               -327.690000                 -3.626100
65.806100               -328.050000                 -3.801400
65.930700               -328.750000                 -3.918300
66.055400               -329.450000                 -3.864700
66.180000               -330.030000                 -3.723500
66.304600               -330.620000                 -3.632600
66.429300               -331.200000                 -3.653700
66.553900               -331.900000                 -3.738100
66.678500               -332.610000                 -3.798200
66.803200               -333.070000                 -3.829000
66.927800               -333.770000                 -3.773800
67.052400               -334.480000                 -3.666700
67.177100               -335.060000                 -3.570900
67.301700               -335.650000                 -3.523800
67.426300               -336.350000                 -3.499500
67.551000               -336.930000                 -3.484900
67.675600               -337.520000                 -3.467000
67.800200               -338.100000                 -3.441100
67.924900               -338.690000                 -3.411900
68.049500               -339.390000                 -3.389100
68.174100               -339.970000                 -3.374500
68.298800               -340.560000                 -3.350200
68.423400               -341.140000                 -3.329100
68.548000               -341.850000                 -3.374500
68.672700               -342.430000                 -3.577400
68.797300               -343.010000                 -4.095200
68.921900               -343.600000                 -4.856500
69.046600               -344.180000                 -5.312600
69.171200               -344.770000                 -5.403500
69.295800               -345.470000                 -5.411600
69.420500               -346.060000                 -5.509000
69.545100               -346.640000                 -5.793000
69.669700               -347.230000                 -6.028400
69.794400               -347.810000                 -6.085200
69.919000               -348.390000                 -6.012100
70.043600               -349.100000                 -5.857900
70.168300               -349.680000                 -5.690800
70.292900               -350.260000                 -5.525200
70.417500               -350.970000                 -5.372600
70.542200               -351.550000                 -5.231400
70.666800               -352.370000                 -5.049600
70.791400               -352.840000                 -4.879200
70.916100               -353.540000                 -4.726600
71.040700               -354.480000                 -4.575700
71.165300               -354.830000                 -4.444200
71.289900               -355.180000                 -4.324100
71.414600               -355.880000                 -4.216900
71.539200               -356.580000                 -4.140600
71.663800               -357.170000                 -4.079000
71.788500               -357.750000                 -4.038400
71.913100               -358.570000                 -4.004300
72.037700               -359.390000                 -3.963700
72.162400               -359.970000                 -3.926400
72.287000               -360.560000                 -3.898800
72.411600               -361.140000                 -3.861500
72.536300               -361.730000                 -3.837100
72.660900               -362.310000                 -3.926400
72.785500               -363.010000                 -3.996200
72.910200               -363.480000                 -3.986500
73.034800               -364.180000                 -3.971800
73.159400               -364.770000                 -3.970200
73.284100               -365.240000                 -3.921500
73.408700               -366.050000                 -3.801400
73.533300               -366.640000                 -3.681300
73.658000               -367.220000                 -3.710500
73.782600               -367.810000                 -3.806300
73.907200               -368.390000                 -3.781900
74.031900               -369.090000                 -3.678000
74.156500               -369.680000                 -3.658600
74.281100               -370.260000                 -3.838800
74.405800               -370.850000                 -4.064400
74.530400               -371.430000                 -4.122800
74.655000               -372.130000                 -4.195800
74.779700               -372.720000                 -4.307800
74.904300               -373.300000                 -4.387400
75.028900               -374.010000                 -4.293200
75.153600               -374.590000                 -4.088700
75.278200               -375.180000                 -4.031900
75.402800               -375.760000                 -4.153600
75.527500               -376.350000                 -4.341900
75.652100               -377.050000                 -4.327300
75.776700               -377.630000                 -4.184500
75.901400               -378.220000                 -4.103300
76.026000               -378.800000                 -4.103300
76.150600               -379.390000                 -4.090300
76.275300               -380.200000                 -4.080600
76.399900               -380.790000                 -4.075700
76.524500               -381.260000                 -4.130900
76.649200               -381.960000                 -4.197500
76.773800               -382.660000                 -4.163400
76.898400               -383.250000                 -4.044900
77.023100               -383.710000                 -3.911800
77.147700               -384.530000                 -3.889100
77.272300               -385.000000                 -4.012400
77.397000               -385.470000                 -4.145500
77.521600               -386.290000                 -4.194200
77.646200               -386.750000                 -4.264000
77.770900               -387.690000                 -4.445800
77.895500               -388.390000                 -4.651900
78.020100               -388.980000                 -4.791500
78.144800               -389.680000                 -4.874300
78.269400               -390.380000                 -4.862900
78.394000               -390.850000                 -4.815900
78.518700               -391.550000                 -4.799600
78.643300               -392.130000                 -4.765600
78.767900               -392.720000                 -4.677900
78.892500               -393.300000                 -4.567500
79.017200               -394.000000                 -4.457200
79.141800               -394.470000                 -4.361400
79.266400               -395.170000                 -4.280200
79.391100               -395.760000                 -4.221800
79.515700               -396.340000                 -4.187700
79.640300               -396.930000                 -4.148800
79.765000               -397.630000                 -4.088700
79.889600               -398.210000                 -4.017300
80.014200               -398.920000                 -3.949100
80.138900               -399.500000                 -3.903700
