

Цикл № 1
Шаг  № 1
Точек  642
Линейная потенцио. развертка , ЭДС 331,55мВ, Скорость развертки 5,0001 мВ/с.
Время, с.              Потенциал, мВ            Ток, мкА
0.124600               329.800000                 -0.256460
0.249300               329.210000                 -0.456100
0.373900               328.630000                 -0.538890
0.498500               328.050000                 -0.592450
0.623200               327.340000                 -0.650880
0.747800               326.760000                 -0.694710
0.872400               326.170000                 -0.746650
0.997100               325.590000                 -0.795340
1.121700               324.890000                 -0.840790
1.246300               324.300000                 -0.882990
1.371000               323.720000                 -0.931690
1.495600               323.020000                 -0.998240
1.620200               322.430000                 -1.046900
1.744900               321.850000                 -1.081000
1.869500               321.260000                 -1.128100
1.994100               320.680000                 -1.165400
2.118800               319.980000                 -1.207600
2.243400               319.390000                 -1.225500
2.368000               318.810000                 -1.259600
2.492700               318.220000                 -1.314800
2.617300               317.640000                 -1.384500
2.741900               317.050000                 -1.441400
2.866600               316.470000                 -1.462500
2.991200               315.760000                 -1.504700
3.115800               315.180000                 -1.621500
3.240500               314.600000                 -1.681600
3.365100               314.010000                 -1.712400
3.489700               313.430000                 -1.741600
3.614400               312.720000                 -1.761100
3.739000               312.140000                 -1.779000
3.863600               311.560000                 -1.813100
3.988200               310.850000                 -1.847100
4.112900               310.270000                 -1.873100
4.237500               309.680000                 -1.908800
4.362100               309.100000                 -1.954300
4.486800               308.510000                 -1.999700
4.611400               307.810000                 -2.043500
4.736000               307.230000                 -2.095500
4.860700               306.640000                 -2.176600
4.985300               306.060000                 -2.265900
5.109900               305.470000                 -2.300000
5.234600               304.890000                 -2.340600
5.359200               304.190000                 -2.361700
5.483800               303.600000                 -2.389300
5.608500               303.020000                 -2.480200
5.733100               302.320000                 -2.561300
5.857700               301.730000                 -2.627900
5.982400               301.030000                 -2.756100
6.107000               300.330000                 -2.864900
6.231600               299.740000                 -2.895700
6.356300               299.270000                 -2.941100
6.480900               298.690000                 -2.988200
6.605500               297.990000                 -2.988200
6.730200               297.400000                 -2.991500
6.854800               296.820000                 -3.023900
6.979400               296.000000                 -3.075900
7.104100               295.420000                 -3.118100
7.228700               294.600000                 -3.145700
7.353300               294.130000                 -3.186200
7.478000               293.430000                 -3.236600
7.602600               292.960000                 -3.312900
7.727200               292.260000                 -3.389100
7.851900               291.560000                 -3.454100
7.976500               290.970000                 -3.481700
8.101100               290.500000                 -3.504400
8.225800               290.040000                 -3.561200
8.350400               289.220000                 -3.614700
8.475000               288.400000                 -3.650500
8.599700               287.930000                 -3.668300
8.724300               287.460000                 -3.726800
8.848900               286.530000                 -3.801400
8.973600               285.940000                 -3.906900
9.098200               285.360000                 -3.903700
9.222800               284.770000                 -3.941000
9.347500               284.070000                 -4.015700
9.472100               283.490000                 -4.069200
9.596700               282.900000                 -4.192600
9.721400               282.200000                 -4.398700
9.846000               281.620000                 -4.588600
9.970600               281.030000                 -4.760700
10.095300               280.450000                 -4.817500
10.219900               279.860000                 -4.880800
10.344500               279.160000                 -5.004200
10.469200               278.570000                 -5.015500
10.593800               277.990000                 -4.994400
10.718400               277.400000                 -4.965200
10.843100               276.820000                 -4.949000
10.967700               276.240000                 -4.986300
11.092300               275.530000                 -5.054500
11.217000               274.950000                 -5.195700
11.341600               274.370000                 -5.367800
11.466200               273.780000                 -5.460300
11.590800               273.080000                 -5.434300
11.715500               272.490000                 -5.388800
11.840100               271.910000                 -5.366100
11.964700               271.320000                 -5.406700
12.089400               270.740000                 -5.502500
12.214000               270.040000                 -5.642100
12.338600               269.450000                 -5.668000
12.463300               268.870000                 -5.573900
12.587900               268.280000                 -5.479800
12.712500               267.460000                 -5.455400
12.837200               267.000000                 -5.453800
12.961800               266.410000                 -5.474900
13.086400               265.590000                 -5.500800
13.211100               265.010000                 -5.547900
13.335700               264.310000                 -5.720000
13.460300               263.960000                 -5.932600
13.585000               263.250000                 -6.018600
13.709600               262.550000                 -5.948800
13.834200               261.730000                 -5.845000
13.958900               261.030000                 -5.809200
14.083500               260.560000                 -5.836800
14.208100               259.980000                 -5.911500
14.332800               259.390000                 -6.004000
14.457400               258.580000                 -6.081900
14.582000               257.990000                 -6.213400
14.706700               257.410000                 -6.294600
14.831300               256.700000                 -6.343300
14.955900               256.120000                 -6.432500
15.080600               255.540000                 -6.460100
15.205200               254.950000                 -6.450400
15.329800               254.250000                 -6.422800
15.454500               253.660000                 -6.396800
15.579100               253.080000                 -6.361100
15.703700               252.610000                 -6.317300
15.828400               251.910000                 -6.273500
15.953000               251.210000                 -6.237800
16.077600               250.620000                 -6.187400
16.202300               250.040000                 -6.122500
16.326900               249.450000                 -6.080300
16.451500               248.870000                 -6.083600
16.576200               248.170000                 -6.117600
16.700800               247.580000                 -6.098200
16.825400               247.000000                 -6.052700
16.950100               246.410000                 -6.229600
17.074700               245.710000                 -6.554300
17.199300               245.130000                 -6.715000
17.324000               244.540000                 -6.812400
17.448600               243.840000                 -6.852900
17.573200               243.260000                 -6.841600
17.697900               242.670000                 -6.822100
17.822500               242.090000                 -6.888600
17.947100               241.500000                 -6.986000
18.071800               240.800000                 -6.958400
18.196400               240.330000                 -6.939000
18.321000               239.630000                 -7.005500
18.445700               239.050000                 -7.080200
18.570300               238.460000                 -7.054200
18.694900               237.880000                 -7.038000
18.819500               237.180000                 -7.102900
18.944200               236.590000                 -7.197000
19.068800               236.000000                 -7.188900
19.193400               235.420000                 -7.028200
19.318100               234.720000                 -6.854500
19.442700               234.130000                 -6.713300
19.567300               233.550000                 -6.628900
19.692000               232.960000                 -6.593200
19.816600               232.260000                 -6.622400
19.941200               231.790000                 -6.703600
20.065900               231.090000                 -6.755500
20.190500               230.510000                 -6.801000
20.315100               229.920000                 -6.810700
20.439800               229.220000                 -6.851300
20.564400               228.400000                 -6.914600
20.689000               227.940000                 -6.956800
20.813700               227.350000                 -6.913000
20.938300               226.410000                 -6.809100
21.062900               225.830000                 -6.706900
21.187600               225.480000                 -6.601300
21.312200               224.660000                 -6.577000
21.436800               224.080000                 -6.700400
21.561500               223.260000                 -6.711700
21.686100               222.670000                 -6.654900
21.810700               222.090000                 -6.542900
21.935400               221.500000                 -6.409800
22.060000               220.800000                 -6.392000
22.184600               220.220000                 -6.479600
22.309300               219.630000                 -6.469900
22.433900               218.930000                 -6.414700
22.558500               218.350000                 -6.458500
22.683200               217.760000                 -6.581900
22.807800               217.180000                 -6.927600
22.932400               216.590000                 -7.102900
23.057100               216.010000                 -7.141800
23.181700               215.310000                 -7.172700
23.306300               214.720000                 -7.226300
23.431000               214.130000                 -7.180800
23.555600               213.550000                 -7.055800
23.680200               212.850000                 -6.891900
23.804900               212.260000                 -6.844800
23.929500               211.680000                 -7.055800
24.054100               210.980000                 -7.374000
24.178800               210.390000                 -7.552500
24.303400               209.810000                 -7.682400
24.428000               209.220000                 -7.658000
24.552700               208.410000                 -7.476200
24.677300               207.820000                 -7.299300
24.801900               207.120000                 -7.198700
24.926600               206.650000                 -7.133700
25.051200               205.720000                 -7.156500
25.175800               205.130000                 -7.268500
25.300500               204.900000                 -7.364200
25.425100               204.080000                 -7.338300
25.549700               203.260000                 -7.107800
25.674400               202.790000                 -6.770200
25.799000               202.320000                 -6.443900
25.923600               201.620000                 -6.223200
26.048300               200.800000                 -6.099800
26.172900               200.100000                 -6.030000
26.297500               199.520000                 -6.044600
26.422100               199.170000                 -6.085200
26.546800               198.350000                 -6.069000
26.671400               197.760000                 -6.007300
26.796000               197.060000                 -5.911500
26.920700               196.480000                 -5.797900
27.045300               195.890000                 -5.768700
27.169900               195.310000                 -5.848200
27.294600               194.600000                 -6.015400
27.419200               194.020000                 -6.122500
27.543800               193.440000                 -6.177700
27.668500               192.850000                 -6.223200
27.793100               192.150000                 -6.372500
27.917700               191.560000                 -6.638700
28.042400               190.980000                 -7.020100
28.167000               190.400000                 -7.309000
28.291600               189.690000                 -7.252200
28.416300               189.110000                 -6.940600
28.540900               188.520000                 -6.833500
28.665500               187.940000                 -6.804200
28.790200               187.240000                 -6.700400
28.914800               186.650000                 -6.461800
29.039400               186.070000                 -6.291300
29.164100               185.480000                 -6.213400
29.288700               184.900000                 -6.075400
29.413300               184.200000                 -5.908300
29.538000               183.610000                 -5.794600
29.662600               183.030000                 -5.692400
29.787200               182.440000                 -5.523600
29.911900               181.620000                 -5.437500
30.036500               181.160000                 -5.400200
30.161100               180.570000                 -5.322300
30.285800               179.870000                 -5.260600
30.410400               179.280000                 -5.249300
30.535000               178.470000                 -5.241100
30.659700               178.120000                 -5.765400
30.784300               177.410000                 -6.648400
30.908900               176.710000                 -7.140200
31.033600               176.240000                 -7.197000
31.158200               175.660000                 -6.940600
31.282800               174.840000                 -6.666300
31.407500               174.140000                 -6.456900
31.532100               173.440000                 -6.228000
31.656700               172.850000                 -5.965100
31.781400               172.270000                 -5.799500
31.906000               171.570000                 -5.807600
32.030600               170.860000                 -5.898500
32.155300               170.280000                 -5.979700
32.279900               169.690000                 -5.995900
32.404500               169.110000                 -5.820600
32.529200               168.530000                 -5.661500
32.653800               167.820000                 -5.674500
32.778400               167.240000                 -5.780000
32.903100               166.650000                 -6.216700
33.027700               166.300000                 -6.536400
33.152300               165.600000                 -6.469900
33.277000               164.780000                 -6.258900
33.401600               164.200000                 -6.059200
33.526200               163.610000                 -5.914700
33.650900               163.030000                 -5.913100
33.775500               162.330000                 -5.961800
33.900100               161.740000                 -6.088400
34.024700               161.160000                 -6.098200
34.149400               160.570000                 -6.463400
34.274000               159.870000                 -8.786100
34.398600               159.290000                 -9.949900
34.523300               158.700000                 -9.742100
34.647900               158.000000                 -9.065300
34.772500               157.530000                 -8.589700
34.897200               156.830000                 -8.386800
35.021800               156.250000                 -8.300800
35.146400               155.660000                 -8.081600
35.271100               155.080000                 -7.778100
35.395700               154.490000                 -7.458400
35.520300               153.790000                 -7.180800
35.645000               153.200000                 -6.896800
35.769600               152.500000                 -6.658200
35.894200               151.920000                 -6.453600
36.018900               151.330000                 -6.502300
36.143500               150.750000                 -6.994100
36.268100               150.160000                 -7.838200
36.392800               149.460000                 -8.229400
36.517400               148.880000                 -8.222900
36.642000               148.290000                 -7.940400
36.766700               147.590000                 -7.609300
36.891300               147.010000                 -7.382100
37.015900               146.420000                 -7.240900
37.140600               145.840000                 -7.154800
37.265200               145.130000                 -7.188900
37.389800               144.550000                 -7.201900
37.514500               143.730000                 -7.106100
37.639100               143.260000                 -6.977900
37.763700               142.440000                 -6.836700
37.888400               141.860000                 -6.578600
38.013000               141.160000                 -6.275100
38.137600               140.690000                 -6.164700
38.262300               140.220000                 -6.288100
38.386900               139.400000                 -6.408200
38.511500               138.820000                 -6.301100
38.636200               138.350000                 -6.215000
38.760800               137.300000                 -6.075400
38.885400               136.720000                 -5.877400
39.010100               136.250000                 -5.737800
39.134700               135.540000                 -5.646900
39.259300               134.840000                 -5.583600
39.384000               134.260000                 -5.593400
39.508600               133.670000                 -6.030000
39.633200               133.090000                 -6.580200
39.757900               132.500000                 -6.757200
39.882500               131.800000                 -6.601300
40.007100               131.220000                 -6.486100
40.131800               130.630000                 -6.667900
40.256400               130.050000                 -7.161300
40.381000               129.350000                 -7.739200
40.505700               128.760000                 -7.854400
40.630300               128.180000                 -7.794400
40.754900               127.590000                 -7.697000
40.879600               127.010000                 -7.604400
41.004200               126.310000                 -7.688900
41.128800               125.720000                 -7.852800
41.253400               125.140000                 -7.494100
41.378100               124.550000                 -7.310700
41.502700               123.850000                 -7.210000
41.627300               123.270000                 -7.067200
41.752000               122.680000                 -6.898400
41.876600               122.100000                 -6.788000
42.001200               121.510000                 -6.797700
42.125900               120.930000                 -6.867500
42.250500               120.220000                 -6.856200
42.375100               119.640000                 -6.682500
42.499800               118.940000                 -6.520200
42.624400               118.240000                 -6.518600
42.749000               117.530000                 -6.583500
42.873700               116.950000                 -6.577000
42.998300               116.010000                 -6.568900
43.122900               115.550000                 -6.583500
43.247600               114.840000                 -6.827000
43.372200               114.380000                 -7.060700
43.496800               113.790000                 -6.882200
43.621500               112.970000                 -6.904900
43.746100               112.390000                 -7.289600
43.870700               111.920000                 -7.929100
43.995400               111.340000                 -8.495600
44.120000               110.520000                 -8.883500
44.244600               109.930000                 -8.706600
44.369300               109.350000                 -8.373800
44.493900               108.760000                 -7.935600
44.618500               108.060000                 -7.559000
44.743200               107.480000                 -7.375600
44.867800               106.890000                 -7.274900
44.992400               106.310000                 -7.180800
45.117100               105.610000                 -7.068800
45.241700               105.020000                 -6.924300
45.366300               104.440000                 -6.875700
45.491000               103.850000                 -6.841600
45.615600               103.150000                 -6.753900
45.740200               102.560000                 -6.646800
45.864900               101.980000                 -6.637100
45.989500               101.400000                 -6.716600
46.114100               100.810000                 -6.773400
46.238800               100.110000                 -6.604600
46.363400               99.525000                 -6.581900
46.488000               98.940000                 -6.594900
46.612700               98.355000                 -6.305900
46.737300               97.536000                 -6.017000
46.861900               97.069000                 -6.015400
46.986600               96.484000                 -6.070600
47.111200               95.899000                 -6.396800
47.235800               95.197000                 -6.760400
47.360500               94.379000                 -6.687400
47.485100               93.911000                 -6.353000
47.609700               93.326000                 -6.228000
47.734400               92.741000                 -6.182600
47.859000               92.274000                 -6.164700
47.983600               91.455000                 -6.195600
48.108300               90.753000                 -6.145200
48.232900               90.402000                 -6.000800
48.357500               89.701000                 -5.840100
48.482200               88.999000                 -5.846600
48.606800               88.297000                 -5.921200
48.731400               87.829000                 -6.031600
48.856000               87.128000                 -6.117600
48.980700               86.660000                 -6.125800
49.105300               85.958000                 -6.142000
49.229900               85.490000                 -6.138700
49.354600               84.789000                 -6.018600
49.479200               84.204000                 -5.987800
49.603800               83.502000                 -5.937500
49.728500               82.684000                 -5.797900
49.853100               82.099000                 -5.633900
49.977700               81.397000                 -5.453800
50.102400               80.695000                 -5.309300
50.227000               80.111000                 -5.254100
50.351600               79.643000                 -5.395300
50.476300               78.824000                 -5.562500
50.600900               78.240000                 -5.533300
50.725500               77.655000                 -5.465100
50.850200               77.070000                 -5.474900
50.974800               76.368000                 -5.533300
51.099400               75.784000                 -5.444000
51.224100               75.199000                 -5.275200
51.348700               74.614000                 -5.252500
51.473300               74.029000                 -5.181100
51.598000               73.328000                 -5.017100
51.722600               72.743000                 -4.911600
51.847200               72.158000                 -4.916500
51.971900               71.573000                 -4.939200
52.096500               70.872000                 -5.332000
52.221100               70.287000                 -6.877300
52.345800               69.702000                 -8.282900
52.470400               69.001000                 -8.578300
52.595000               68.533000                 -8.062200
52.719700               67.948000                 -7.526500
52.844300               67.246000                 -7.163000
52.968900               66.662000                 -6.875700
53.093600               66.077000                 -6.578600
53.218200               65.375000                 -6.349800
53.342800               64.790000                 -6.189100
53.467500               64.206000                 -6.103000
53.592100               63.621000                 -6.083600
53.716700               62.919000                 -6.158200
53.841400               62.334000                 -6.179300
53.966000               61.750000                 -5.965100
54.090600               60.814000                 -5.744300
54.215300               60.112000                 -5.715100
54.339900               59.411000                 -5.720000
54.464500               58.943000                 -5.698900
54.589200               58.124000                 -5.648600
54.713800               57.539000                 -5.606300
54.838400               56.955000                 -5.630700
54.963100               56.370000                 -5.721600
55.087700               55.785000                 -5.789800
55.212300               55.083000                 -5.554400
55.337000               54.499000                 -5.280100
55.461600               53.914000                 -5.309300
55.586200               53.329000                 -5.570600
55.710900               52.627000                 -5.734600
55.835500               52.043000                 -5.848200
55.960100               51.458000                 -6.015400
56.084800               50.756000                 -6.161500
56.209400               50.172000                 -6.193900
56.334000               49.587000                 -6.200400
56.458600               49.002000                 -6.380600
56.583300               48.417000                 -6.591600
56.707900               47.833000                 -6.779900
56.832500               47.131000                 -6.846400
56.957200               46.546000                 -6.538000
57.081800               45.961000                 -6.656500
57.206400               45.377000                 -7.403200
57.331100               44.675000                 -7.800800
57.455700               44.090000                 -7.880400
57.580300               43.505000                 -7.610900
57.705000               42.921000                 -7.122400
57.829600               42.219000                 -6.721500
57.954200               41.634000                 -6.510400
58.078900               41.050000                 -6.520200
58.203500               40.465000                 -6.749100
58.328100               39.763000                 -6.906500
58.452800               38.944000                 -6.833500
58.577400               38.243000                 -6.887000
58.702000               37.775000                 -6.990900
58.826700               37.190000                 -6.843200
58.951300               36.255000                 -6.619200
59.075900               35.670000                 -6.641900
59.200600               34.968000                 -6.880500
59.325200               34.383000                 -7.133700
59.449800               33.798000                 -7.240900
59.574500               33.214000                 -7.128900
59.699100               32.512000                 -6.870800
59.823700               31.927000                 -6.564000
59.948400               31.343000                 -6.281600
60.073000               30.758000                 -6.033200
60.197600               30.173000                 -5.875800
60.322300               29.588000                 -5.752400
60.446900               29.004000                 -5.573900
60.571500               28.302000                 -5.450500
60.696200               27.717000                 -5.427800
60.820800               27.132000                 -5.393700
60.945400               26.548000                 -5.377500
61.070100               25.846000                 -5.460300
61.194700               25.261000                 -5.536600
61.319300               24.559000                 -5.440800
61.444000               23.975000                 -5.239500
61.568600               23.390000                 -5.046400
61.693200               22.805000                 -4.952200
61.817900               22.104000                 -4.918100
61.942500               21.519000                 -4.892200
62.067100               20.934000                 -4.919800
62.191800               20.349000                 -5.061000
62.316400               19.648000                 -5.255700
62.441000               19.063000                 -5.461900
62.565700               18.478000                 -5.627400
62.690300               17.893000                 -5.646900
62.814900               17.309000                 -5.486200
62.939600               16.607000                 -5.233000
63.064200               16.022000                 -5.103200
63.188800               15.437000                 -5.223300
63.313500               14.736000                 -5.379100
63.438100               14.619000                 -5.359600
63.562700               14.151000                 -5.203800
63.687400               13.566000                 -5.035000
63.812000               12.982000                 -4.861300
63.936600               12.397000                 -4.663300
64.061200               11.695000                 -4.541600
64.185900               11.110000                 -4.509100
64.310500               10.525000                 -4.512300
64.435100               9.940700                 -4.539900
64.559800               9.356000                 -4.577300
64.684400               8.654300                 -4.596800
64.809000               7.952600                 -4.630800
64.933700               7.484800                 -4.671400
65.058300               6.900100                 -4.671400
65.182900               6.198300                 -4.601600
65.307600               5.613600                 -4.488000
65.432200               5.028900                 -4.397100
65.556800               4.444100                 -4.332200
65.681500               3.859400                 -4.345200
65.806100               2.689800                 -4.554500
65.930700               2.222000                 -5.035000
66.055400               1.871200                 -5.682600
66.180000               0.935600                 -6.078700
66.304600               0.467800                 -6.078700
66.429300               -0.116950                 -6.090000
66.553900               -0.584750                 -6.270200
66.678500               -1.520400                 -6.404900
66.803200               -2.105100                 -6.341600
66.927800               -2.806800                 -6.573800
67.052400               -3.391600                 -6.901600
67.177100               -3.976300                 -6.956800
67.301700               -4.678000                 -6.861000
67.426300               -5.262700                 -6.939000
67.551000               -5.847500                 -7.224600
67.675600               -6.549200                 -7.244100
67.800200               -7.133900                 -7.029800
67.924900               -7.718700                 -7.036300
68.049500               -8.303400                 -6.883800
68.174100               -8.888200                 -6.466600
68.298800               -9.589900                 -6.044600
68.423400               -10.292000                 -6.280000
68.548000               -11.110000                 -7.270100
68.672700               -11.929000                 -7.718100
68.797300               -12.864000                 -7.659600
68.921900               -13.566000                 -7.589800
69.046600               -14.502000                 -7.698600
69.171200               -15.554000                 -7.658000
69.295800               -16.373000                 -7.565500
69.420500               -16.958000                 -7.534700
69.545100               -17.659000                 -7.524900
69.669700               -18.010000                 -7.440500
69.794400               -18.595000                 -7.231100
69.919000               -19.180000                 -6.927600
70.043600               -19.297000                 -6.676000
70.168300               -19.881000                 -6.551000
70.292900               -20.466000                 -6.742600
70.417500               -21.051000                 -7.343100
70.542200               -21.636000                 -7.852800
70.666800               -22.221000                 -8.284500
70.791400               -22.922000                 -8.643300
70.916100               -23.507000                 -8.589700
71.040700               -24.092000                 -8.291000
71.165300               -24.676000                 -8.020000
71.289900               -25.261000                 -7.948600
71.414600               -25.846000                 -7.753800
71.539200               -26.548000                 -7.429100
71.663800               -27.132000                 -7.154800
71.788500               -27.717000                 -7.021700
71.913100               -28.302000                 -6.968200
72.037700               -29.004000                 -6.815600
72.162400               -29.588000                 -6.862700
72.287000               -30.173000                 -6.799400
72.411600               -30.758000                 -6.632200
72.536300               -31.460000                 -6.525100
72.660900               -32.044000                 -6.317300
72.785500               -32.629000                 -6.099800
72.910200               -33.214000                 -6.083600
73.034800               -33.798000                 -6.283200
73.159400               -34.500000                 -6.671100
73.284100               -35.085000                 -7.127200
73.408700               -35.670000                 -7.588200
73.533300               -36.255000                 -7.787900
73.658000               -36.839000                 -7.690500
73.782600               -37.424000                 -7.515200
73.907200               -38.126000                 -7.474600
74.031900               -38.711000                 -7.604400
74.156500               -39.295000                 -7.742400
74.281100               -40.114000                 -7.758700
74.405800               -40.816000                 -7.722900
74.530400               -41.166000                 -7.697000
74.655000               -42.102000                 -7.711600
74.779700               -42.921000                 -7.632000
74.904300               -43.155000                 -7.396700
75.028900               -43.856000                 -7.167800
75.153600               -44.675000                 -7.132100
75.278200               -44.909000                 -7.291200
75.402800               -45.727000                 -7.429100
75.527500               -46.312000                 -7.370700
75.652100               -47.131000                 -7.101300
75.776700               -47.716000                 -6.753900
75.901400               -48.183000                 -6.481200
76.026000               -48.885000                 -6.309200
76.150600               -49.470000                 -6.164700
76.275300               -50.172000                 -6.018600
76.399900               -50.756000                 -5.883900
76.524500               -51.458000                 -5.775200
76.649200               -51.926000                 -5.669700
76.773800               -52.627000                 -5.509000
76.898400               -53.212000                 -5.369400
77.023100               -53.797000                 -5.341800
77.147700               -54.382000                 -5.447300
77.272300               -55.083000                 -5.664800
77.397000               -55.668000                 -5.789800
77.521600               -56.253000                 -5.744300
77.646200               -56.838000                 -5.898500
77.770900               -57.422000                 -5.971600
77.895500               -58.007000                 -6.302700
78.020100               -58.709000                 -7.120800
78.144800               -59.294000                 -7.078500
78.269400               -59.878000                 -6.567300
78.394000               -60.463000                 -6.192300
78.518700               -61.165000                 -6.299400
78.643300               -61.750000                 -6.497500
78.767900               -62.334000                 -6.570500
78.892500               -62.919000                 -6.380600
79.017200               -63.504000                 -6.060800
79.141800               -64.206000                 -6.271800
79.266400               -64.790000                 -6.708500
79.391100               -65.375000                 -6.827000
79.515700               -65.960000                 -6.844800
79.640300               -66.545000                 -6.935700
79.765000               -67.246000                 -7.180800
79.889600               -67.831000                 -7.313900
80.014200               -68.533000                 -7.188900
