

Цикл № 1
Шаг  № 1
Точек  640
Линейная потенцио. развертка , Скорость развертки 5,0001 мВ/с.
Время, с.              Потенциал, мВ            Ток, мкА
0.124600               -0.584750                 -19.744000
0.249300               0.116950                 -15.824000
0.373900               0.701700                 -13.482000
0.498500               1.286500                 -11.945000
0.623200               1.871200                 -10.877000
0.747800               2.456000                 -10.067000
0.872400               3.157600                 -9.409400
0.997100               3.742400                 -8.899700
1.121700               4.795000                 -8.490700
1.246300               5.496600                 -8.083300
1.371000               5.964500                 -7.627200
1.495600               6.666200                 -7.213300
1.620200               7.250900                 -6.883800
1.744900               7.952600                 -6.588400
1.869500               8.537300                 -6.299400
1.994100               9.122100                 -6.077100
2.118800               9.589900                 -5.879000
2.243400               10.292000                 -5.666400
2.368000               10.993000                 -5.453800
2.492700               11.578000                 -5.278500
2.617300               12.163000                 -5.147000
2.741900               12.748000                 -5.028500
2.866600               13.449000                 -4.918100
2.991200               14.034000                 -4.824000
3.115800               14.619000                 -4.749300
3.240500               14.151000                 -4.682800
3.365100               14.736000                 -4.643800
3.489700               15.554000                 -4.658400
3.614400               16.373000                 -4.705500
3.739000               16.958000                 -4.778600
3.863600               17.659000                 -4.830500
3.988200               18.244000                 -4.825600
4.112900               18.712000                 -4.755800
4.237500               19.414000                 -4.679500
4.362100               19.998000                 -4.635700
4.486800               20.583000                 -4.572400
4.611400               21.402000                 -4.470200
4.736000               21.987000                 -4.384100
4.860700               22.571000                 -4.338700
4.985300               23.156000                 -4.285100
5.109900               23.741000                 -4.262400
5.234600               24.443000                 -4.238000
5.359200               25.027000                 -4.200700
5.483800               25.612000                 -4.129300
5.608500               26.314000                 -4.033500
5.733100               26.898000                 -3.939400
5.857700               27.483000                 -3.858200
5.982400               28.068000                 -3.814400
6.107000               28.770000                 -3.811200
6.231600               29.354000                 -3.814400
6.356300               29.939000                 -3.803000
6.480900               30.524000                 -3.751100
6.605500               31.226000                 -3.687800
6.730200               31.810000                 -3.619600
6.854800               32.395000                 -3.580700
6.979400               32.980000                 -3.559600
7.104100               33.565000                 -3.522200
7.228700               34.266000                 -3.457300
7.353300               34.851000                 -3.364800
7.478000               35.436000                 -3.277100
7.602600               36.021000                 -3.222000
7.727200               36.722000                 -3.166800
7.851900               37.307000                 -3.114800
7.976500               37.892000                 -3.254400
8.101100               38.477000                 -3.721900
8.225800               39.295000                 -4.066000
8.350400               39.997000                 -4.199100
8.475000               40.699000                 -4.285100
8.599700               41.400000                 -4.387400
8.724300               41.985000                 -4.384100
8.848900               42.687000                 -4.332200
8.973600               43.272000                 -4.299700
9.098200               43.973000                 -4.301300
9.222800               44.558000                 -4.236400
9.347500               45.143000                 -4.082200
9.472100               45.727000                 -3.997800
9.596700               46.312000                 -4.040000
9.721400               47.014000                 -4.291600
9.846000               47.599000                 -4.643800
9.970600               48.183000                 -4.759100
10.095300               48.768000                 -4.603300
10.219900               49.353000                 -4.442600
10.344500               50.055000                 -4.384100
10.469200               50.639000                 -4.348400
10.593800               51.224000                 -4.291600
10.718400               51.809000                 -4.265600
10.843100               52.511000                 -4.215300
10.967700               53.095000                 -4.119600
11.092300               53.680000                 -4.012400
11.217000               54.265000                 -3.924800
11.341600               54.850000                 -3.911800
11.466200               55.551000                 -3.918300
11.590800               56.136000                 -3.929600
11.715500               56.721000                 -4.203900
11.840100               57.422000                 -4.882400
11.964700               58.007000                 -5.046400
12.089400               58.592000                 -5.069100
12.214000               59.177000                 -5.134000
12.338600               59.878000                 -5.281700
12.463300               60.463000                 -5.539800
12.587900               61.048000                 -5.533300
12.712500               61.983000                 -5.343400
12.837200               62.451000                 -5.137300
12.961800               63.387000                 -5.143800
13.086400               63.738000                 -5.369400
13.211100               64.556000                 -5.512200
13.335700               65.258000                 -5.513800
13.460300               65.726000                 -5.435900
13.585000               66.428000                 -5.369400
13.709600               67.012000                 -5.198900
13.834200               67.597000                 -4.966800
13.958900               68.182000                 -4.752600
14.083500               68.767000                 -4.559400
14.208100               69.468000                 -4.411700
14.332800               70.053000                 -4.333800
14.457400               70.755000                 -4.283500
14.582000               71.340000                 -4.169900
14.706700               71.924000                 -4.051400
14.831300               72.509000                 -3.954000
14.955900               73.094000                 -3.864700
15.080600               73.796000                 -3.777100
15.205200               74.380000                 -3.699100
15.329800               74.965000                 -3.618000
15.454500               75.667000                 -3.579000
15.579100               76.251000                 -3.606600
15.703700               76.836000                 -3.694300
15.828400               77.421000                 -3.760800
15.953000               78.006000                 -3.775400
16.077600               78.707000                 -3.678000
16.202300               79.292000                 -3.549800
16.326900               79.877000                 -3.452400
16.451500               80.462000                 -3.415100
16.576200               81.163000                 -3.413500
16.700800               81.748000                 -3.418400
16.825400               82.333000                 -3.423200
16.950100               83.034000                 -3.457300
17.074700               83.619000                 -3.493000
17.199300               84.204000                 -3.509300
17.324000               84.789000                 -3.509300
17.448600               85.374000                 -3.496300
17.573200               86.075000                 -3.540100
17.697900               86.660000                 -3.655300
17.822500               87.245000                 -3.746200
17.947100               87.829000                 -3.824100
18.071800               88.414000                 -3.924800
18.196400               89.233000                 -3.996200
18.321000               89.818000                 -3.989700
18.445700               90.285000                 -3.960500
18.570300               90.987000                 -3.877700
18.694900               91.455000                 -3.764100
18.819500               92.157000                 -3.595300
18.944200               92.741000                 -3.452400
19.068800               93.326000                 -3.450800
19.193400               93.911000                 -3.572600
19.318100               94.612000                 -3.718600
19.442700               95.197000                 -3.955600
19.567300               95.782000                 -4.247800
19.692000               96.367000                 -4.445800
19.816600               96.951000                 -4.465300
19.941200               98.121000                 -4.317600
20.065900               98.589000                 -4.082200
20.190500               99.057000                 -3.877700
20.315100               99.875000                 -3.781900
20.439800               100.460000                 -3.785200
20.564400               101.160000                 -3.757600
20.689000               101.750000                 -3.650500
20.813700               102.450000                 -3.527100
20.938300               103.030000                 -3.429700
21.062900               103.620000                 -3.366400
21.187600               104.200000                 -3.334000
21.312200               104.790000                 -3.346900
21.436800               105.490000                 -3.395600
21.561500               106.070000                 -3.455700
21.686100               106.660000                 -3.483300
21.810700               107.240000                 -3.514100
21.935400               107.940000                 -3.545000
22.060000               108.530000                 -3.588800
22.184600               109.110000                 -3.640700
22.309300               109.700000                 -3.637500
22.433900               110.280000                 -3.553100
22.558500               110.990000                 -3.465400
22.683200               111.570000                 -3.395600
22.807800               112.160000                 -3.368000
22.932400               112.740000                 -3.402100
23.057100               113.440000                 -3.423200
23.181700               114.030000                 -3.372900
23.306300               114.610000                 -3.249500
23.431000               115.200000                 -3.132700
23.555600               115.900000                 -3.064500
23.680200               116.480000                 -3.025500
23.804900               117.070000                 -2.973600
23.929500               117.770000                 -2.910300
24.054100               118.470000                 -2.898900
24.178800               119.060000                 -2.924900
24.303400               119.640000                 -2.972000
24.428000               120.110000                 -2.988200
24.552700               120.930000                 -2.942800
24.677300               121.390000                 -2.929800
24.801900               122.450000                 -3.012600
24.926600               122.800000                 -3.116400
25.051200               123.620000                 -3.171600
25.175800               124.200000                 -3.171600
25.300500               124.670000                 -3.155400
25.425100               125.250000                 -3.210600
25.549700               126.070000                 -3.330700
25.674400               126.540000                 -3.426500
25.799000               127.360000                 -3.548200
25.923600               127.830000                 -3.629400
26.048300               128.530000                 -3.684600
26.172900               129.110000                 -3.725100
26.297500               129.810000                 -3.704000
26.422100               130.400000                 -3.642300
26.546800               130.980000                 -3.566100
26.671400               131.690000                 -3.483300
26.796000               132.270000                 -3.403700
26.920700               132.850000                 -3.330700
27.045300               133.440000                 -3.252800
27.169900               134.030000                 -3.199200
27.294600               134.730000                 -3.158700
27.419200               135.310000                 -3.139200
27.543800               135.900000                 -3.111600
27.668500               136.480000                 -3.066100
27.793100               137.180000                 -3.017400
27.917700               137.770000                 -3.020700
28.042400               138.350000                 -3.058000
28.167000               138.940000                 -3.109900
28.291600               139.640000                 -3.140800
28.416300               140.220000                 -3.153800
28.540900               140.810000                 -3.144000
28.665500               141.390000                 -3.145700
28.790200               142.090000                 -3.150500
28.914800               142.680000                 -3.144000
29.039400               143.260000                 -3.108300
29.164100               143.850000                 -3.046700
29.288700               144.550000                 -3.012600
29.413300               145.130000                 -2.988200
29.538000               145.720000                 -2.999600
29.662600               146.420000                 -3.041800
29.787200               147.120000                 -3.075900
29.911900               147.710000                 -3.061300
30.036500               148.180000                 -3.030400
30.161100               148.990000                 -3.002800
30.285800               149.340000                 -2.976900
30.410400               150.280000                 -2.978500
30.535000               150.870000                 -2.968700
30.659700               151.330000                 -2.936300
30.784300               152.150000                 -2.866500
30.908900               152.850000                 -2.796700
31.033600               153.320000                 -2.743100
31.158200               154.020000                 -2.715500
31.282800               154.720000                 -2.713900
31.407500               155.430000                 -2.752900
31.532100               156.010000                 -2.848600
31.656700               156.600000                 -2.991500
31.781400               157.180000                 -3.097000
31.906000               157.770000                 -3.097000
32.030600               158.470000                 -3.054800
32.155300               159.050000                 -3.032000
32.279900               159.640000                 -3.049900
32.404500               160.220000                 -3.048300
32.529200               160.920000                 -3.010900
32.653800               161.510000                 -2.988200
32.778400               162.090000                 -2.970400
32.903100               162.680000                 -2.923300
33.027700               163.260000                 -2.869700
33.152300               163.960000                 -2.855100
33.277000               164.550000                 -2.907100
33.401600               165.130000                 -3.017400
33.526200               165.840000                 -3.126200
33.650900               166.420000                 -3.135900
33.775500               167.000000                 -3.105100
33.900100               167.590000                 -3.072600
34.024700               168.170000                 -3.077500
34.149400               168.760000                 -3.059600
34.274000               169.460000                 -3.032000
34.398600               170.040000                 -3.004400
34.523300               170.630000                 -2.991500
34.647900               171.220000                 -2.975200
34.772500               171.800000                 -2.954100
34.897200               172.380000                 -2.923300
35.021800               173.090000                 -2.871400
35.146400               173.670000                 -2.791800
35.271100               174.260000                 -2.726900
35.395700               174.960000                 -2.673300
35.520300               175.540000                 -2.631100
35.645000               176.130000                 -2.590500
35.769600               176.710000                 -2.554800
35.894200               177.410000                 -2.532100
36.018900               178.000000                 -2.564600
36.143500               178.580000                 -2.644100
36.268100               179.280000                 -2.744700
36.392800               179.870000                 -2.879500
36.517400               180.570000                 -3.119700
36.642000               181.040000                 -3.395600
36.766700               181.620000                 -3.447600
36.891300               182.210000                 -3.366400
37.015900               182.910000                 -3.358300
37.140600               183.610000                 -3.441100
37.265200               184.080000                 -3.523800
37.389800               184.780000                 -3.532000
37.514500               185.600000                 -3.460600
37.639100               186.180000                 -3.353400
37.763700               187.000000                 -3.256000
37.888400               187.350000                 -3.176500
38.013000               188.170000                 -3.127800
38.137600               188.760000                 -3.079100
38.262300               189.460000                 -3.004400
38.386900               190.040000                 -2.903800
38.511500               190.750000                 -2.803200
38.636200               191.330000                 -2.726900
38.760800               191.910000                 -2.671700
38.885400               192.500000                 -2.637600
39.010100               193.200000                 -2.608400
39.134700               193.790000                 -2.579200
39.259300               194.370000                 -2.551600
39.384000               194.960000                 -2.506100
39.508600               195.540000                 -2.478500
39.633200               196.240000                 -2.467200
39.757900               196.830000                 -2.455800
39.882500               197.410000                 -2.426600
40.007100               198.000000                 -2.381200
40.131800               198.580000                 -2.321100
40.256400               199.280000                 -2.267500
40.381000               199.870000                 -2.218800
40.505700               200.450000                 -2.178300
40.630300               201.040000                 -2.158800
40.754900               201.740000                 -2.140900
40.879600               202.320000                 -2.127900
41.004200               202.910000                 -2.119800
41.128800               203.490000                 -2.079300
41.253400               204.080000                 -2.064600
41.378100               204.780000                 -2.017600
41.502700               205.360000                 -1.947800
41.627300               205.950000                 -1.899100
41.752000               206.530000                 -1.866600
41.876600               207.120000                 -1.837400
42.001200               207.820000                 -1.813100
42.125900               208.410000                 -1.795200
42.250500               209.110000                 -1.790300
42.375100               209.810000                 -1.813100
42.499800               210.510000                 -1.843900
42.624400               211.330000                 -1.892600
42.749000               211.910000                 -1.907200
42.873700               212.620000                 -1.908800
42.998300               213.200000                 -1.868200
43.122900               213.780000                 -1.830900
43.247600               214.370000                 -1.809800
43.372200               215.070000                 -1.826000
43.496800               215.660000                 -1.850400
43.621500               216.240000                 -1.853600
43.746100               216.820000                 -1.798500
43.870700               217.410000                 -1.735100
43.995400               218.110000                 -1.683200
44.120000               218.700000                 -1.641000
44.244600               219.280000                 -1.613400
44.369300               219.870000                 -1.590700
44.493900               220.570000                 -1.543600
44.618500               221.150000                 -1.517600
44.743200               221.740000                 -1.491700
44.867800               222.320000                 -1.504700
44.992400               223.020000                 -1.569600
45.117100               223.610000                 -1.749700
45.241700               224.190000                 -1.874700
45.366300               224.780000                 -1.850400
45.491000               225.480000                 -1.744900
45.615600               226.060000                 -1.660500
45.740200               226.650000                 -1.563100
45.864900               227.230000                 -1.460800
45.989500               227.820000                 -1.321200
46.114100               228.520000                 -1.238500
46.238800               229.100000                 -1.266100
46.363400               229.810000                 -1.387800
46.488000               230.280000                 -1.490100
46.612700               231.090000                 -1.486800
46.737300               231.680000                 -1.400800
46.861900               232.260000                 -1.303400
46.986600               232.960000                 -1.236800
47.111200               233.550000                 -1.157300
47.235800               234.130000                 -1.147600
47.360500               234.950000                 -1.170300
47.485100               235.300000                 -1.245000
47.609700               235.890000                 -1.357000
47.734400               236.710000                 -1.498200
47.859000               237.410000                 -1.671800
47.983600               237.760000                 -1.866600
48.108300               238.460000                 -1.951000
48.232900               239.160000                 -1.952600
48.357500               239.860000                 -1.895800
48.482200               240.570000                 -1.845500
48.606800               241.150000                 -1.813100
48.731400               241.850000                 -1.814700
48.856000               242.440000                 -1.785500
48.980700               242.910000                 -1.762700
49.105300               243.610000                 -1.678300
49.229900               244.190000                 -1.624800
49.354600               244.660000                 -1.537100
49.479200               245.130000                 -1.457600
49.603800               246.060000                 -1.373200
49.728500               246.530000                 -1.326100
49.853100               247.120000                 -1.259600
49.977700               247.820000                 -1.207600
50.102400               248.400000                 -1.107000
50.227000               248.990000                 -1.040400
50.351600               249.690000                 -0.933310
50.476300               250.390000                 -0.871630
50.600900               250.970000                 -0.811570
50.725500               251.560000                 -0.795340
50.850200               252.140000                 -0.767750
50.974800               252.730000                 -0.774240
51.099400               253.430000                 -0.780730
51.224100               254.010000                 -0.798590
51.348700               254.600000                 -0.793720
51.473300               255.190000                 -0.725550
51.598000               255.770000                 -0.590830
51.722600               256.470000                 -0.467470
51.847200               257.060000                 -0.365210
51.971900               257.640000                 -0.300280
52.096500               258.230000                 -0.207760
52.221100               258.930000                 -0.144460
52.345800               259.510000                 -0.086030
52.470400               260.100000                 -0.048690
52.595000               260.920000                 -0.003250
52.719700               261.620000                 0.045450
52.844300               262.080000                 0.113620
52.968900               262.670000                 0.189910
53.093600               263.610000                 0.306770
53.218200               264.190000                 0.323010
53.342800               264.890000                 0.357090
53.467500               265.360000                 0.409030
53.592100               266.180000                 0.460970
53.716700               266.760000                 0.532390
53.841400               267.350000                 0.616800
53.966000               268.050000                 0.706070
54.090600               268.630000                 0.746650
54.215300               269.220000                 0.766130
54.339900               269.800000                 0.795340
54.464500               270.390000                 0.814820
54.589200               271.090000                 0.787230
54.713800               271.680000                 0.769370
54.838400               272.260000                 0.766130
54.963100               272.840000                 0.793720
55.087700               273.430000                 0.798590
55.212300               274.130000                 0.853780
55.337000               274.720000                 0.902470
55.461600               275.300000                 0.972270
55.586200               275.880000                 1.006400
55.710900               276.470000                 1.030700
55.835500               277.170000                 1.084300
55.960100               277.760000                 1.123200
56.084800               278.460000                 1.116700
56.209400               279.040000                 1.136200
56.334000               279.630000                 1.154100
56.458600               280.210000                 1.181700
56.583300               280.800000                 1.191400
56.707900               281.500000                 1.243300
56.832500               282.080000                 1.272600
56.957200               282.670000                 1.313100
57.081800               283.250000                 1.339100
57.206400               283.950000                 1.347200
57.331100               284.540000                 1.308300
57.455700               285.120000                 1.270900
57.580300               285.830000                 1.207600
57.705000               286.530000                 1.163800
57.829600               287.350000                 1.116700
57.954200               287.810000                 1.113500
58.078900               288.520000                 1.079400
58.203500               289.330000                 1.081000
58.328100               289.920000                 1.066400
58.452800               290.270000                 1.069600
58.577400               291.200000                 1.087500
58.702000               291.670000                 1.056700
58.826700               292.260000                 1.029100
58.951300               292.490000                 1.043700
59.075900               293.550000                 1.050200
59.200600               294.250000                 1.063200
59.325200               294.600000                 1.053400
59.449800               295.530000                 1.089100
59.574500               296.120000                 1.100500
59.699100               296.700000                 1.108600
59.823700               297.290000                 1.124800
59.948400               297.870000                 1.175200
60.073000               298.570000                 1.219000
60.197600               299.160000                 1.235200
60.322300               299.740000                 1.251400
60.446900               300.330000                 1.288800
60.571500               301.030000                 1.321200
60.696200               301.610000                 1.339100
60.820800               302.200000                 1.326100
60.945400               302.780000                 1.326100
61.070100               303.490000                 1.332600
61.194700               304.070000                 1.353700
61.319300               304.650000                 1.371600
61.444000               305.360000                 1.381300
61.568600               305.940000                 1.397500
61.693200               306.530000                 1.394300
61.817900               307.230000                 1.394300
61.942500               307.810000                 1.400800
62.067100               308.400000                 1.405700
62.191800               308.980000                 1.386200
62.316400               309.570000                 1.355300
62.441000               310.270000                 1.347200
62.565700               310.850000                 1.344000
62.690300               311.440000                 1.342300
62.814900               312.020000                 1.335800
62.939600               312.610000                 1.344000
63.064200               313.430000                 1.360200
63.188800               314.130000                 1.353700
63.313500               314.480000                 1.347200
63.438100               315.300000                 1.334200
63.562700               315.880000                 1.340700
63.687400               316.580000                 1.316400
63.812000               316.940000                 1.300100
63.936600               317.520000                 1.309900
64.061200               318.450000                 1.319600
64.185900               318.810000                 1.293600
64.310500               319.390000                 1.269300
64.435100               319.980000                 1.256300
64.559800               320.560000                 1.254700
64.684400               321.260000                 1.243300
64.809000               321.850000                 1.240100
64.933700               322.430000                 1.228700
65.058300               323.020000                 1.227100
65.182900               323.950000                 1.215700
65.307600               324.300000                 1.215700
65.432200               325.240000                 1.209200
65.556800               326.060000                 1.219000
65.681500               326.640000                 1.202700
65.806100               327.230000                 1.202700
65.930700               327.810000                 1.201100
66.055400               328.400000                 1.204400
66.180000               328.980000                 1.178400
66.304600               329.680000                 1.168700
66.429300               330.030000                 1.152400
66.553900               330.850000                 1.149200
66.678500               331.550000                 1.160500
66.803200               332.140000                 1.142700
66.927800               332.720000                 1.128100
67.052400               333.420000                 1.124800
67.177100               334.010000                 1.103700
67.301700               334.590000                 1.108600
67.426300               335.300000                 1.124800
67.551000               335.880000                 1.158900
67.675600               336.460000                 1.175200
67.800200               337.050000                 1.168700
67.924900               337.630000                 1.157300
68.049500               338.340000                 1.142700
68.174100               338.920000                 1.129700
68.298800               339.510000                 1.105400
68.423400               340.090000                 1.084300
68.548000               340.790000                 1.082600
68.672700               341.380000                 1.076100
68.797300               341.960000                 1.074500
68.921900               342.550000                 1.071300
69.046600               343.250000                 1.056700
69.171200               343.830000                 1.040400
69.295800               344.420000                 1.021000
69.420500               345.120000                 1.025800
69.545100               345.820000                 1.009600
69.669700               346.290000                 1.004700
69.794400               346.990000                 1.011200
69.919000               347.690000                 0.999860
70.043600               348.390000                 1.001500
70.168300               348.860000                 0.996610
70.292900               349.450000                 0.988500
70.417500               349.910000                 0.975510
70.542200               350.620000                 0.965770
70.666800               351.550000                 0.960900
70.791400               352.020000                 0.962530
70.916100               352.720000                 0.965770
71.040700               353.420000                 0.954410
71.165300               354.010000                 0.964150
71.289900               354.710000                 0.965770
71.414600               355.290000                 0.977140
71.539200               355.880000                 0.994990
71.663800               356.580000                 1.001500
71.788500               357.170000                 0.991740
71.913100               357.750000                 0.973890
72.037700               358.330000                 0.962530
72.162400               359.040000                 0.960900
72.287000               359.620000                 0.928440
72.411600               360.320000                 0.917080
72.536300               360.910000                 0.921950
72.660900               361.490000                 0.938180
72.785500               362.080000                 0.939800
72.910200               362.780000                 0.941430
73.034800               363.360000                 0.930060
73.159400               363.950000                 0.928440
73.284100               364.530000                 0.915460
73.408700               365.240000                 0.902470
73.533300               365.820000                 0.902470
73.658000               366.400000                 0.915460
73.782600               366.990000                 0.920320
73.907200               367.570000                 0.926820
74.031900               368.280000                 0.926820
74.156500               368.860000                 0.931690
74.281100               369.440000                 0.923570
74.405800               370.030000                 0.899220
74.530400               370.730000                 0.874880
74.655000               371.430000                 0.857020
74.779700               372.130000                 0.848910
74.904300               372.600000                 0.837540
75.028900               373.420000                 0.816440
75.153600               374.120000                 0.801840
75.278200               374.710000                 0.787230
75.402800               375.530000                 0.775860
75.527500               375.990000                 0.766130
75.652100               376.700000                 0.766130
75.776700               377.280000                 0.767750
75.901400               377.980000                 0.769370
76.026000               378.570000                 0.766130
76.150600               379.150000                 0.766130
76.275300               379.850000                 0.764500
76.399900               380.440000                 0.766130
76.524500               381.020000                 0.756390
76.649200               381.610000                 0.758010
76.773800               382.310000                 0.753140
76.898400               382.890000                 0.758010
77.023100               383.480000                 0.766130
77.147700               384.060000                 0.790470
77.272300               384.760000                 0.813200
77.397000               385.350000                 0.826180
77.521600               385.940000                 0.848910
77.646200               386.520000                 0.852150
77.770900               387.220000                 0.842410
77.895500               387.810000                 0.824560
78.020100               388.390000                 0.795340
78.144800               388.980000                 0.775860
78.269400               389.560000                 0.758010
78.394000               390.260000                 0.732040
78.518700               390.850000                 0.704450
78.643300               391.430000                 0.684970
78.767900               392.020000                 0.680100
78.892500               392.720000                 0.673610
79.017200               393.300000                 0.670360
79.141800               393.890000                 0.681720
79.266400               394.470000                 0.701200
79.391100               395.060000                 0.725550
79.515700               395.760000                 0.745020
79.640300               396.340000                 0.746650
79.765000               396.930000                 0.736910
