

Цикл № 1
Шаг  № 1
Точек  1207
Линейная потенцио. развертка , Скорость развертки 10,002 мВ/с.
Время, с.              Потенциал, мВ            Ток, мкА
0.124600               -0.233900                 -526.490000
0.249300               -1.637300                 -511.860000
0.373900               -2.806800                 -511.860000
0.498500               -3.976300                 -511.860000
0.623200               -5.262700                 -511.860000
0.747800               -6.549200                 -511.860000
0.872400               -7.718700                 -511.860000
0.997100               -9.005200                 -511.860000
1.121700               -10.643000                 -511.860000
1.246300               -12.163000                 -526.490000
1.371000               -13.800000                 -511.860000
1.495600               -15.554000                 -570.360000
1.620200               -16.841000                 -511.860000
1.744900               -18.010000                 -526.490000
1.869500               -19.063000                 -555.740000
1.994100               -19.998000                 -584.990000
2.118800               -21.168000                 -584.990000
2.243400               -22.337000                 -584.990000
2.368000               -23.507000                 -584.990000
2.492700               -24.676000                 -599.610000
2.617300               -25.963000                 -599.610000
2.741900               -27.249000                 -614.240000
2.866600               -28.419000                 -643.490000
2.991200               -29.705000                 -643.490000
3.115800               -30.875000                 -658.110000
3.240500               -32.044000                 -658.110000
3.365100               -33.331000                 -658.110000
3.489700               -34.734000                 -672.740000
3.614400               -35.787000                 -687.360000
3.739000               -37.073000                 -672.740000
3.863600               -38.243000                 -701.990000
3.988200               -39.880000                 -716.610000
4.112900               -40.932000                 -701.990000
4.237500               -42.336000                 -731.230000
4.362100               -43.505000                 -731.230000
4.486800               -44.792000                 -731.230000
4.611400               -45.844000                 -731.230000
4.736000               -47.131000                 -731.230000
4.860700               -48.417000                 -745.860000
4.985300               -49.470000                 -775.110000
5.109900               -50.873000                 -775.110000
5.234600               -52.160000                 -804.360000
5.359200               -53.329000                 -818.980000
5.483800               -54.616000                 -833.610000
5.608500               -55.668000                 -818.980000
5.733100               -56.955000                 -833.610000
5.857700               -58.124000                 -877.480000
5.982400               -59.411000                 -877.480000
6.107000               -60.580000                 -892.110000
6.231600               -61.983000                 -921.360000
6.356300               -63.153000                 -935.980000
6.480900               -64.323000                 -950.610000
6.605500               -65.609000                 -950.610000
6.730200               -66.778000                 -1009.100000
6.854800               -67.948000                 -1023.700000
6.979400               -69.234000                 -1023.700000
7.104100               -70.638000                 -1082.200000
7.228700               -71.807000                 -1082.200000
7.353300               -72.977000                 -1155.400000
7.478000               -74.263000                 -1170.000000
7.602600               -75.550000                 -1184.600000
7.727200               -76.953000                 -1228.500000
7.851900               -78.123000                 -1243.100000
7.976500               -79.526000                 -1301.600000
8.101100               -80.695000                 -1374.700000
8.225800               -81.631000                 -1374.700000
8.350400               -82.684000                 -1316.200000
8.475000               -84.321000                 -1447.900000
8.599700               -85.490000                 -1477.100000
8.724300               -86.426000                 -1389.400000
8.848900               -88.063000                 -1418.600000
8.973600               -89.350000                 -1433.200000
9.098200               -90.519000                 -1477.100000
9.222800               -91.689000                 -1535.600000
9.347500               -92.975000                 -1535.600000
9.472100               -94.262000                 -1594.100000
9.596700               -95.431000                 -1608.700000
9.721400               -96.718000                 -1681.800000
9.846000               -98.004000                 -1711.100000
9.970600               -99.290000                 -1798.800000
10.095300               -100.690000                 -1886.600000
10.219900               -101.630000                 -1842.700000
10.344500               -102.800000                 -1872.000000
10.469200               -104.200000                 -1915.800000
10.593800               -105.490000                 -1886.600000
10.718400               -106.660000                 -1857.300000
10.843100               -107.940000                 -1901.200000
10.967700               -109.470000                 -1930.500000
11.092300               -110.640000                 -1974.300000
11.217000               -111.800000                 -1989.000000
11.341600               -112.970000                 -2047.500000
11.466200               -114.380000                 -2062.100000
11.590800               -116.010000                 -2120.600000
11.715500               -116.950000                 -2164.500000
11.840100               -118.240000                 -2222.900000
11.964700               -119.640000                 -2266.800000
12.089400               -120.690000                 -2281.400000
12.214000               -121.980000                 -2339.900000
12.338600               -123.380000                 -2383.800000
12.463300               -124.550000                 -2398.400000
12.587900               -125.840000                 -2456.900000
12.712500               -127.010000                 -2486.200000
12.837200               -128.290000                 -2559.300000
12.961800               -129.460000                 -2617.800000
13.086400               -130.630000                 -2632.400000
13.211100               -131.920000                 -2705.600000
13.335700               -133.090000                 -2720.200000
13.460300               -134.380000                 -2793.300000
13.585000               -135.540000                 -2822.600000
13.709600               -136.720000                 -2895.700000
13.834200               -138.000000                 -2939.600000
13.958900               -139.170000                 -3027.300000
14.083500               -140.340000                 -3071.200000
14.208100               -141.510000                 -3129.700000
14.332800               -142.800000                 -3188.200000
14.457400               -144.080000                 -3275.900000
14.582000               -145.250000                 -3305.200000
14.706700               -146.540000                 -3363.700000
14.831300               -147.820000                 -3436.800000
14.955900               -148.990000                 -3495.300000
15.080600               -150.280000                 -3583.100000
15.205200               -151.800000                 -3656.200000
15.329800               -152.850000                 -3729.300000
15.454500               -154.140000                 -3802.400000
15.579100               -155.310000                 -3875.600000
15.703700               -156.710000                 -3948.700000
15.828400               -157.880000                 -4021.800000
15.953000               -159.050000                 -4094.900000
16.077600               -160.340000                 -4182.700000
16.202300               -161.390000                 -4182.700000
16.326900               -162.680000                 -4299.700000
16.451500               -163.850000                 -4416.700000
16.576200               -165.130000                 -4489.800000
16.700800               -166.190000                 -4577.500000
16.825400               -167.240000                 -4650.600000
16.950100               -168.290000                 -4723.800000
17.074700               -169.930000                 -4855.400000
17.199300               -171.100000                 -4899.300000
17.324000               -172.620000                 -5001.600000
17.448600               -173.790000                 -5104.000000
17.573200               -175.070000                 -5191.800000
17.697900               -176.240000                 -5294.100000
17.822500               -177.410000                 -5396.500000
17.947100               -178.580000                 -5484.300000
18.071800               -179.870000                 -5557.400000
18.196400               -181.270000                 -5674.400000
18.321000               -182.320000                 -5732.900000
18.445700               -183.610000                 -5806.000000
18.570300               -185.010000                 -5937.600000
18.694900               -186.070000                 -6010.700000
18.819500               -187.590000                 -6113.100000
18.944200               -188.760000                 -6200.900000
19.068800               -190.040000                 -6288.600000
19.193400               -191.210000                 -6391.000000
19.318100               -192.500000                 -6508.000000
19.442700               -193.550000                 -6581.100000
19.567300               -194.840000                 -6683.500000
19.692000               -196.010000                 -6771.200000
19.816600               -197.290000                 -6873.600000
19.941200               -198.580000                 -6976.000000
20.065900               -199.750000                 -7093.000000
20.190500               -201.040000                 -7210.000000
20.315100               -202.320000                 -7327.000000
20.439800               -203.490000                 -7458.600000
20.564400               -204.660000                 -7531.700000
20.689000               -205.950000                 -7663.300000
20.813700               -207.120000                 -7780.300000
20.938300               -208.290000                 -7882.700000
21.062900               -209.570000                 -7999.700000
21.187600               -211.090000                 -8072.800000
21.312200               -212.030000                 -8219.100000
21.436800               -213.200000                 -8365.300000
21.561500               -214.490000                 -8467.700000
21.686100               -215.660000                 -8584.700000
21.810700               -216.940000                 -8716.300000
21.935400               -218.000000                 -8789.400000
22.060000               -219.400000                 -8921.100000
22.184600               -220.690000                 -9067.300000
22.309300               -221.850000                 -9198.900000
22.433900               -223.140000                 -9330.600000
22.558500               -224.310000                 -9432.900000
22.683200               -225.830000                 -9535.300000
22.807800               -227.000000                 -9696.200000
22.932400               -228.170000                 -9783.900000
23.057100               -229.460000                 -9900.900000
23.181700               -230.740000                 -10033.000000
23.306300               -232.030000                 -10149.000000
23.431000               -233.200000                 -10281.000000
23.555600               -234.370000                 -10398.000000
23.680200               -235.540000                 -10544.000000
23.804900               -236.710000                 -10661.000000
23.929500               -238.110000                 -10778.000000
24.054100               -239.280000                 -10910.000000
24.178800               -240.450000                 -11042.000000
24.303400               -241.740000                 -11144.000000
24.428000               -242.910000                 -11276.000000
24.552700               -244.070000                 -11363.000000
24.677300               -245.360000                 -11524.000000
24.801900               -246.650000                 -11641.000000
24.926600               -248.280000                 -11787.000000
25.051200               -249.450000                 -11919.000000
25.175800               -250.620000                 -12080.000000
25.300500               -251.790000                 -12197.000000
25.425100               -253.080000                 -12343.000000
25.549700               -254.370000                 -12475.000000
25.674400               -255.420000                 -12577.000000
25.799000               -256.820000                 -12709.000000
25.923600               -257.990000                 -12841.000000
26.048300               -259.160000                 -13001.000000
26.172900               -260.450000                 -13060.000000
26.297500               -261.620000                 -13235.000000
26.422100               -262.900000                 -13382.000000
26.546800               -264.190000                 -13528.000000
26.671400               -265.360000                 -13616.000000
26.796000               -266.650000                 -13777.000000
26.920700               -268.050000                 -13908.000000
27.045300               -269.450000                 -14040.000000
27.169900               -270.390000                 -14157.000000
27.294600               -271.560000                 -14288.000000
27.419200               -272.610000                 -14391.000000
27.543800               -274.130000                 -14566.000000
27.668500               -275.530000                 -14698.000000
27.793100               -276.590000                 -14800.000000
27.917700               -277.760000                 -14961.000000
28.042400               -278.930000                 -15093.000000
28.167000               -280.330000                 -15239.000000
28.291600               -281.620000                 -15356.000000
28.416300               -282.900000                 -15444.000000
28.540900               -283.950000                 -15575.000000
28.665500               -285.360000                 -15722.000000
28.790200               -286.640000                 -15853.000000
28.914800               -287.810000                 -15970.000000
29.039400               -288.980000                 -16102.000000
29.164100               -290.150000                 -16233.000000
29.288700               -291.440000                 -16409.000000
29.413300               -292.490000                 -16497.000000
29.538000               -293.890000                 -16599.000000
29.662600               -295.060000                 -16745.000000
29.787200               -296.350000                 -16862.000000
29.911900               -297.520000                 -16994.000000
30.036500               -298.690000                 -17125.000000
30.161100               -299.980000                 -17242.000000
30.285800               -301.260000                 -17345.000000
30.410400               -302.430000                 -17491.000000
30.535000               -303.600000                 -17623.000000
30.659700               -305.010000                 -17740.000000
30.784300               -306.290000                 -17901.000000
30.908900               -307.350000                 -17974.000000
31.033600               -308.750000                 -18164.000000
31.158200               -309.920000                 -18266.000000
31.282800               -310.970000                 -18398.000000
31.407500               -312.260000                 -18515.000000
31.532100               -313.780000                 -18646.000000
31.656700               -314.950000                 -18764.000000
31.781400               -316.120000                 -18910.000000
31.906000               -317.520000                 -19012.000000
32.030600               -318.690000                 -19144.000000
32.155300               -319.980000                 -19275.000000
32.279900               -321.140000                 -19407.000000
32.404500               -322.430000                 -19524.000000
32.529200               -323.600000                 -19626.000000
32.653800               -324.770000                 -19773.000000
32.778400               -326.060000                 -19919.000000
32.903100               -327.340000                 -20050.000000
33.027700               -328.510000                 -20124.000000
33.152300               -329.680000                 -20241.000000
33.277000               -330.970000                 -20387.000000
33.401600               -332.250000                 -20518.000000
33.526200               -333.420000                 -20621.000000
33.650900               -334.590000                 -20723.000000
33.775500               -335.880000                 -20855.000000
33.900100               -337.400000                 -20972.000000
34.024700               -338.570000                 -21074.000000
34.149400               -339.740000                 -21235.000000
34.274000               -341.140000                 -21367.000000
34.398600               -342.430000                 -21469.000000
34.523300               -343.720000                 -21615.000000
34.647900               -344.890000                 -21732.000000
34.772500               -346.060000                 -21835.000000
34.897200               -347.230000                 -21952.000000
35.021800               -348.510000                 -22069.000000
35.146400               -349.680000                 -22200.000000
35.271100               -350.970000                 -22317.000000
35.395700               -352.140000                 -22420.000000
35.520300               -353.310000                 -22537.000000
35.645000               -354.590000                 -22668.000000
35.769600               -355.760000                 -22771.000000
35.894200               -357.050000                 -22902.000000
36.018900               -358.330000                 -23019.000000
36.143500               -359.620000                 -23136.000000
36.268100               -360.670000                 -23253.000000
36.392800               -361.960000                 -23356.000000
36.517400               -363.480000                 -23502.000000
36.642000               -364.420000                 -23619.000000
36.766700               -365.590000                 -23721.000000
36.891300               -366.870000                 -23853.000000
37.015900               -368.040000                 -23941.000000
37.140600               -369.330000                 -24043.000000
37.265200               -370.730000                 -24160.000000
37.389800               -371.900000                 -24292.000000
37.514500               -373.190000                 -24394.000000
37.639100               -374.470000                 -24526.000000
37.763700               -375.760000                 -24643.000000
37.888400               -376.810000                 -24701.000000
38.013000               -378.220000                 -24833.000000
38.137600               -379.390000                 -24921.000000
38.262300               -380.670000                 -25023.000000
38.386900               -381.840000                 -25154.000000
38.511500               -383.130000                 -25242.000000
38.636200               -384.300000                 -25359.000000
38.760800               -385.470000                 -25476.000000
38.885400               -386.750000                 -25564.000000
39.010100               -388.040000                 -25681.000000
39.134700               -389.210000                 -25783.000000
39.259300               -390.730000                 -25871.000000
39.384000               -392.020000                 -26003.000000
39.508600               -393.300000                 -26076.000000
39.633200               -394.590000                 -26178.000000
39.757900               -395.760000                 -26281.000000
39.882500               -397.050000                 -26368.000000
40.007100               -398.210000                 -26485.000000
40.131800               -399.270000                 -26515.000000
40.256400               -400.670000                 -26661.000000
40.381000               -401.840000                 -26749.000000
40.505700               -403.010000                 -26851.000000
40.630300               -404.300000                 -26924.000000
40.754900               -405.580000                 -27026.000000
40.879600               -406.750000                 -27114.000000
41.004200               -408.040000                 -27231.000000
41.128800               -409.210000                 -27348.000000
41.253400               -410.380000                 -27465.000000
41.378100               -411.660000                 -27538.000000
41.502700               -412.950000                 -27641.000000
41.627300               -414.120000                 -27758.000000
41.752000               -415.520000                 -27845.000000
41.876600               -416.690000                 -27962.000000
42.001200               -417.980000                 -28036.000000
42.125900               -419.150000                 -28138.000000
42.250500               -420.550000                 -28240.000000
42.375100               -421.720000                 -28343.000000
42.499800               -423.010000                 -28445.000000
42.624400               -424.060000                 -28518.000000
42.749000               -425.580000                 -28635.000000
42.873700               -426.750000                 -28723.000000
42.998300               -428.040000                 -28825.000000
43.122900               -429.090000                 -28913.000000
43.247600               -430.380000                 -28986.000000
43.372200               -431.550000                 -29074.000000
43.496800               -432.830000                 -29147.000000
43.621500               -434.000000                 -29235.000000
43.746100               -435.290000                 -29323.000000
43.870700               -436.460000                 -29396.000000
43.995400               -437.740000                 -29483.000000
44.120000               -438.910000                 -29571.000000
44.244600               -440.200000                 -29659.000000
44.369300               -441.370000                 -29732.000000
44.493900               -442.660000                 -29805.000000
44.618500               -443.820000                 -29907.000000
44.743200               -445.110000                 -29995.000000
44.867800               -446.280000                 -30068.000000
44.992400               -447.570000                 -30142.000000
45.117100               -448.970000                 -30229.000000
45.241700               -450.260000                 -30317.000000
45.366300               -451.430000                 -30375.000000
45.491000               -452.600000                 -30478.000000
45.615600               -454.000000                 -30536.000000
45.740200               -455.170000                 -30595.000000
45.864900               -456.460000                 -30683.000000
45.989500               -457.740000                 -30756.000000
46.114100               -458.910000                 -30785.000000
46.238800               -460.200000                 -30843.000000
46.363400               -461.370000                 -30917.000000
46.488000               -462.650000                 -30975.000000
46.612700               -463.820000                 -31019.000000
46.737300               -464.990000                 -31063.000000
46.861900               -466.160000                 -31165.000000
46.986600               -467.450000                 -31195.000000
47.111200               -468.740000                 -31253.000000
47.235800               -470.020000                 -31297.000000
47.360500               -471.190000                 -31341.000000
47.485100               -472.480000                 -31414.000000
47.609700               -474.000000                 -31458.000000
47.734400               -475.050000                 -31531.000000
47.859000               -475.990000                 -31575.000000
47.983600               -477.510000                 -31648.000000
48.108300               -478.560000                 -31663.000000
48.232900               -480.080000                 -31721.000000
48.357500               -481.370000                 -31794.000000
48.482200               -482.540000                 -31853.000000
48.606800               -483.820000                 -31896.000000
48.731400               -484.990000                 -31955.000000
48.856000               -486.390000                 -32028.000000
48.980700               -487.560000                 -32028.000000
49.105300               -488.730000                 -32087.000000
49.229900               -489.900000                 -32130.000000
49.354600               -491.190000                 -32189.000000
49.479200               -492.480000                 -32233.000000
49.603800               -493.650000                 -32262.000000
49.728500               -494.810000                 -32262.000000
49.853100               -496.100000                 -32291.000000
49.977700               -497.270000                 -32321.000000
50.102400               -498.560000                 -32321.000000
50.227000               -499.840000                 -32364.000000
50.351600               -501.370000                 -32394.000000
50.476300               -502.530000                 -32394.000000
50.600900               -503.700000                 -32394.000000
50.725500               -504.990000                 -32364.000000
50.850200               -506.160000                 -32350.000000
50.974800               -507.330000                 -32321.000000
51.099400               -508.620000                 -32335.000000
51.224100               -509.900000                 -32321.000000
51.348700               -511.190000                 -32291.000000
51.473300               -512.360000                 -32262.000000
51.598000               -513.410000                 -32189.000000
51.722600               -514.810000                 -32160.000000
51.847200               -515.980000                 -32087.000000
51.971900               -517.270000                 -31999.000000
52.096500               -518.560000                 -31926.000000
52.221100               -519.730000                 -31823.000000
52.345800               -521.010000                 -31750.000000
52.470400               -522.180000                 -31633.000000
52.595000               -523.470000                 -31546.000000
52.719700               -524.640000                 -31472.000000
52.844300               -525.920000                 -31385.000000
52.968900               -527.440000                 -31268.000000
53.093600               -528.500000                 -31195.000000
53.218200               -529.670000                 -31121.000000
53.342800               -531.190000                 -31019.000000
53.467500               -532.120000                 -30917.000000
53.592100               -533.290000                 -30814.000000
53.716700               -534.810000                 -30668.000000
53.841400               -535.750000                 -30536.000000
53.966000               -537.030000                 -30390.000000
54.090600               -538.440000                 -30229.000000
54.215300               -539.610000                 -30098.000000
54.339900               -540.890000                 -29951.000000
54.464500               -541.950000                 -29776.000000
54.589200               -543.350000                 -29571.000000
54.713800               -544.520000                 -29352.000000
54.838400               -545.920000                 -29162.000000
54.963100               -547.090000                 -29015.000000
55.087700               -548.380000                 -28825.000000
55.212300               -549.550000                 -28694.000000
55.337000               -550.840000                 -28547.000000
55.461600               -552.000000                 -28416.000000
55.586200               -553.170000                 -28270.000000
55.710900               -554.460000                 -28167.000000
55.835500               -555.630000                 -27962.000000
55.960100               -556.920000                 -27802.000000
56.084800               -558.320000                 -27597.000000
56.209400               -559.610000                 -27377.000000
56.334000               -560.890000                 -27129.000000
56.458600               -562.180000                 -26851.000000
56.583300               -563.470000                 -26544.000000
56.707900               -564.750000                 -26193.000000
56.832500               -565.920000                 -25857.000000
56.957200               -567.090000                 -25535.000000
57.081800               -568.260000                 -25242.000000
57.206400               -569.550000                 -24935.000000
57.331100               -570.720000                 -24540.000000
57.455700               -572.000000                 -24131.000000
57.580300               -573.170000                 -23619.000000
57.705000               -574.460000                 -23034.000000
57.829600               -575.750000                 -22522.000000
57.954200               -577.030000                 -21937.000000
58.078900               -578.200000                 -21294.000000
58.203500               -579.370000                 -20840.000000
58.328100               -580.540000                 -20548.000000
58.452800               -581.710000                 -20241.000000
58.577400               -583.000000                 -19890.000000
58.702000               -584.400000                 -19480.000000
58.826700               -585.690000                 -18939.000000
58.951300               -586.970000                 -18296.000000
59.075900               -588.140000                 -17725.000000
59.200600               -589.540000                 -17009.000000
59.325200               -590.600000                 -16306.000000
59.449800               -591.880000                 -15663.000000
59.574500               -593.170000                 -15063.000000
59.699100               -594.460000                 -14361.000000
59.823700               -595.740000                 -13543.000000
59.948400               -596.910000                 -13031.000000
60.073000               -598.080000                 -12884.000000
60.197600               -599.370000                 -12855.000000
60.322300               -600.650000                 -12841.000000
60.446900               -601.830000                 -12826.000000
60.571500               -602.990000                 -12797.000000
60.696200               -604.280000                 -12797.000000
60.820800               -605.450000                 -12782.000000
60.945400               -606.740000                 -12782.000000
61.070100               -607.910000                 -12738.000000
61.194700               -609.310000                 -12738.000000
61.319300               -610.360000                 -12723.000000
61.444000               -611.650000                 -12723.000000
61.568600               -613.170000                 -12709.000000
61.693200               -614.340000                 -12709.000000
61.817900               -615.620000                 -12723.000000
61.942500               -617.030000                 -12709.000000
62.067100               -618.200000                 -12694.000000
62.191800               -619.480000                 -12709.000000
62.316400               -620.890000                 -12680.000000
62.441000               -622.290000                 -12650.000000
62.565700               -623.460000                 -12665.000000
62.690300               -624.750000                 -12665.000000
62.814900               -625.920000                 -12665.000000
62.939600               -627.200000                 -12650.000000
63.064200               -628.370000                 -12636.000000
63.188800               -629.660000                 -12621.000000
63.313500               -630.830000                 -12577.000000
63.438100               -632.120000                 -12519.000000
63.562700               -633.280000                 -12504.000000
63.687400               -634.570000                 -12460.000000
63.812000               -635.740000                 -12402.000000
63.936600               -637.030000                 -12358.000000
64.061200               -638.550000                 -12314.000000
64.185900               -639.720000                 -12270.000000
64.310500               -641.000000                 -12197.000000
64.435100               -642.290000                 -12153.000000
64.559800               -643.460000                 -12065.000000
64.684400               -644.750000                 -12007.000000
64.809000               -645.800000                 -11905.000000
64.933700               -647.200000                 -11802.000000
65.058300               -648.370000                 -11627.000000
65.182900               -649.540000                 -11451.000000
65.307600               -650.710000                 -11407.000000
65.432200               -652.000000                 -11407.000000
65.556800               -653.280000                 -11437.000000
65.681500               -654.450000                 -11480.000000
65.806100               -655.620000                 -11510.000000
65.930700               -656.790000                 -11553.000000
66.055400               -658.080000                 -11568.000000
66.180000               -659.360000                 -11568.000000
66.304600               -660.650000                 -11583.000000
66.429300               -661.940000                 -11656.000000
66.553900               -662.990000                 -11773.000000
66.678500               -664.160000                 -11773.000000
66.803200               -665.450000                 -11846.000000
66.927800               -666.730000                 -11875.000000
67.052400               -668.130000                 -11948.000000
67.177100               -669.300000                 -12021.000000
67.301700               -670.470000                 -12021.000000
67.426300               -671.640000                 -12021.000000
67.551000               -673.050000                 -12080.000000
67.675600               -674.330000                 -12168.000000
67.800200               -675.620000                 -12255.000000
67.924900               -676.790000                 -12285.000000
68.049500               -678.080000                 -12343.000000
68.174100               -679.130000                 -12358.000000
68.298800               -680.530000                 -12431.000000
68.423400               -681.700000                 -12489.000000
68.548000               -682.990000                 -12533.000000
68.672700               -684.270000                 -12563.000000
68.797300               -685.440000                 -12607.000000
68.921900               -686.610000                 -12694.000000
69.046600               -687.900000                 -12767.000000
69.171200               -689.070000                 -12826.000000
69.295800               -690.360000                 -12884.000000
69.420500               -691.520000                 -12943.000000
69.545100               -692.700000                 -13001.000000
69.669700               -693.980000                 -13060.000000
69.794400               -695.380000                 -13104.000000
69.919000               -696.440000                 -13191.000000
70.043600               -697.960000                 -13279.000000
70.168300               -698.890000                 -13309.000000
70.292900               -700.180000                 -13440.000000
70.417500               -701.470000                 -13513.000000
70.542200               -702.750000                 -13572.000000
70.666800               -704.040000                 -13616.000000
70.791400               -705.330000                 -13674.000000
70.916100               -706.500000                 -13747.000000
71.040700               -707.780000                 -13879.000000
71.165300               -709.070000                 -13952.000000
71.289900               -710.350000                 -14025.000000
71.414600               -711.520000                 -14098.000000
71.539200               -712.810000                 -14201.000000
71.663800               -713.980000                 -14259.000000
71.788500               -715.380000                 -14303.000000
71.913100               -716.550000                 -14361.000000
72.037700               -717.960000                 -14479.000000
72.162400               -719.010000                 -14581.000000
72.287000               -720.180000                 -14654.000000
72.411600               -721.580000                 -14713.000000
72.536300               -722.630000                 -14786.000000
72.660900               -723.920000                 -14859.000000
72.785500               -725.320000                 -14917.000000
72.910200               -726.490000                 -15005.000000
73.034800               -727.660000                 -15078.000000
73.159400               -728.720000                 -15166.000000
73.284100               -730.240000                 -15254.000000
73.408700               -731.170000                 -15297.000000
73.533300               -732.580000                 -15429.000000
73.658000               -733.980000                 -15517.000000
73.782600               -735.030000                 -15575.000000
73.907200               -736.320000                 -15648.000000
74.031900               -737.600000                 -15692.000000
74.156500               -738.660000                 -15765.000000
74.281100               -739.940000                 -15868.000000
74.405800               -741.230000                 -15912.000000
74.530400               -742.510000                 -16029.000000
74.655000               -743.680000                 -16116.000000
74.779700               -744.860000                 -16175.000000
74.904300               -746.140000                 -16277.000000
75.028900               -747.430000                 -16365.000000
75.153600               -748.600000                 -16424.000000
75.278200               -750.000000                 -16482.000000
75.402800               -751.050000                 -16541.000000
75.527500               -752.460000                 -16628.000000
75.652100               -753.740000                 -16716.000000
75.776700               -755.030000                 -16848.000000
75.901400               -756.080000                 -16921.000000
76.026000               -757.130000                 -17009.000000
76.150600               -758.540000                 -17067.000000
76.275300               -759.820000                 -17184.000000
76.399900               -760.990000                 -17272.000000
76.524500               -762.280000                 -17330.000000
76.649200               -763.220000                 -17389.000000
76.773800               -764.380000                 -17477.000000
76.898400               -765.550000                 -17593.000000
77.023100               -766.840000                 -17652.000000
77.147700               -768.130000                 -17754.000000
77.272300               -769.300000                 -17842.000000
77.397000               -770.700000                 -17901.000000
77.521600               -772.220000                 -17959.000000
77.646200               -773.390000                 -18105.000000
77.770900               -774.680000                 -18178.000000
77.895500               -775.850000                 -18266.000000
78.020100               -777.130000                 -18339.000000
78.144800               -778.300000                 -18486.000000
78.269400               -779.590000                 -18544.000000
78.394000               -780.880000                 -18603.000000
78.518700               -781.930000                 -18734.000000
78.643300               -783.330000                 -18807.000000
78.767900               -784.500000                 -18895.000000
78.892500               -785.790000                 -18983.000000
79.017200               -787.070000                 -19041.000000
79.141800               -788.360000                 -19144.000000
79.266400               -789.650000                 -19246.000000
79.391100               -791.050000                 -19319.000000
79.515700               -792.220000                 -19392.000000
79.640300               -793.390000                 -19480.000000
79.765000               -794.670000                 -19568.000000
79.889600               -795.850000                 -19656.000000
80.014200               -797.010000                 -19743.000000
80.138900               -798.300000                 -19831.000000
80.263500               -799.590000                 -19948.000000
80.388100               -800.760000                 -20007.000000
80.512800               -802.040000                 -20094.000000
80.637400               -803.330000                 -20197.000000
80.762000               -804.380000                 -20285.000000
80.886700               -805.670000                 -20343.000000
81.011300               -806.840000                 -20416.000000
81.135900               -808.120000                 -20548.000000
81.260600               -809.410000                 -20621.000000
81.385200               -810.580000                 -20723.000000
81.509800               -811.750000                 -20869.000000
81.634500               -812.920000                 -20899.000000
81.759100               -814.320000                 -21016.000000
81.883700               -815.610000                 -21147.000000
82.008400               -816.660000                 -21206.000000
82.133000               -818.180000                 -21264.000000
82.257600               -819.470000                 -21352.000000
82.382300               -820.750000                 -21469.000000
82.506900               -822.040000                 -21586.000000
82.631500               -823.210000                 -21688.000000
82.756200               -824.500000                 -21762.000000
82.880800               -825.550000                 -21820.000000
83.005400               -826.950000                 -21937.000000
83.130100               -828.120000                 -22039.000000
83.254700               -829.290000                 -22171.000000
83.379300               -830.460000                 -22244.000000
83.504000               -831.750000                 -22332.000000
83.628600               -832.920000                 -22361.000000
83.753200               -834.320000                 -22463.000000
83.877900               -835.610000                 -22551.000000
84.002500               -836.660000                 -22639.000000
84.127100               -837.950000                 -22698.000000
84.251800               -839.120000                 -22785.000000
84.376400               -840.400000                 -22888.000000
84.501000               -841.690000                 -22975.000000
84.625700               -842.980000                 -23049.000000
84.750300               -844.260000                 -23151.000000
84.874900               -845.550000                 -23239.000000
84.999600               -846.840000                 -23341.000000
85.124200               -848.120000                 -23414.000000
85.248800               -849.290000                 -23502.000000
85.373500               -850.460000                 -23575.000000
85.498100               -851.750000                 -23648.000000
85.622700               -853.030000                 -23707.000000
85.747400               -854.200000                 -23838.000000
85.872000               -855.370000                 -23926.000000
85.996600               -856.540000                 -24028.000000
86.121300               -857.950000                 -24145.000000
86.245900               -859.120000                 -24262.000000
86.370500               -860.280000                 -24394.000000
86.495100               -861.570000                 -24496.000000
86.619800               -862.860000                 -24555.000000
86.744400               -864.140000                 -24613.000000
86.869000               -865.660000                 -24730.000000
86.993700               -866.720000                 -24833.000000
87.118300               -867.890000                 -24935.000000
87.242900               -869.050000                 -25038.000000
87.367600               -870.230000                 -25096.000000
87.492200               -871.510000                 -25198.000000
87.616800               -872.910000                 -25301.000000
87.741500               -874.080000                 -25359.000000
87.866100               -875.370000                 -25432.000000
87.990700               -876.420000                 -25506.000000
88.115400               -877.830000                 -25593.000000
88.240000               -879.110000                 -25696.000000
88.364600               -880.280000                 -25798.000000
88.489300               -881.570000                 -25871.000000
88.613900               -882.740000                 -25988.000000
88.738500               -884.020000                 -26061.000000
88.863200               -885.200000                 -26164.000000
88.987800               -886.480000                 -26354.000000
89.112400               -887.650000                 -26427.000000
89.237100               -888.940000                 -26515.000000
89.361700               -890.110000                 -26617.000000
89.486300               -891.280000                 -26690.000000
89.611000               -892.560000                 -26792.000000
89.735600               -893.730000                 -26866.000000
89.860200               -895.020000                 -26983.000000
89.984900               -896.300000                 -27041.000000
90.109500               -897.360000                 -27173.000000
90.234100               -898.640000                 -27246.000000
90.358800               -899.930000                 -27451.000000
90.483400               -901.570000                 -27494.000000
90.608000               -902.620000                 -27568.000000
90.732700               -903.670000                 -27699.000000
90.857300               -905.190000                 -27772.000000
90.981900               -906.010000                 -27845.000000
91.106600               -907.300000                 -27904.000000
91.231200               -908.590000                 -28006.000000
91.355800               -909.870000                 -28123.000000
91.480500               -911.040000                 -28240.000000
91.605100               -912.440000                 -28299.000000
91.729700               -913.730000                 -28401.000000
91.854400               -914.900000                 -28562.000000
91.979000               -916.190000                 -28650.000000
92.103600               -917.360000                 -28694.000000
92.228300               -918.520000                 -28796.000000
92.352900               -919.810000                 -28884.000000
92.477500               -921.100000                 -28986.000000
92.602200               -922.270000                 -29030.000000
92.726800               -923.550000                 -29103.000000
92.851400               -924.720000                 -29220.000000
92.976100               -926.010000                 -29337.000000
93.100700               -927.180000                 -29425.000000
93.225300               -928.470000                 -29556.000000
93.350000               -929.630000                 -29674.000000
93.474600               -930.920000                 -29761.000000
93.599200               -932.210000                 -29820.000000
93.723800               -933.500000                 -29922.000000
93.848500               -934.900000                 -29995.000000
93.973100               -935.720000                 -30068.000000
94.097700               -937.120000                 -30171.000000
94.222400               -938.640000                 -30273.000000
94.347000               -939.930000                 -30434.000000
94.471600               -941.100000                 -30492.000000
94.596300               -942.270000                 -30522.000000
94.720900               -943.550000                 -30639.000000
94.845500               -944.610000                 -30741.000000
94.970200               -946.010000                 -30829.000000
95.094800               -947.180000                 -30946.000000
95.219400               -948.470000                 -31092.000000
95.344100               -949.630000                 -31165.000000
95.468700               -950.920000                 -31297.000000
95.593300               -952.090000                 -31370.000000
95.718000               -953.380000                 -31443.000000
95.842600               -954.550000                 -31516.000000
95.967200               -955.830000                 -31648.000000
96.091900               -957.000000                 -31779.000000
96.216500               -958.170000                 -31823.000000
96.341100               -959.460000                 -31926.000000
96.465800               -960.740000                 -32014.000000
96.590400               -961.910000                 -32087.000000
96.715000               -963.320000                 -32248.000000
96.839700               -964.490000                 -32321.000000
96.964300               -965.540000                 -32379.000000
97.088900               -967.060000                 -32467.000000
97.213600               -968.230000                 -32599.000000
97.338200               -969.630000                 -32701.000000
97.462800               -970.800000                 -32759.000000
97.587500               -971.970000                 -32847.000000
97.712100               -973.260000                 -32906.000000
97.836700               -974.430000                 -32979.000000
97.961400               -975.830000                 -33066.000000
98.086000               -977.000000                 -33183.000000
98.210600               -978.170000                 -33286.000000
98.335300               -979.460000                 -33344.000000
98.459900               -980.630000                 -33461.000000
98.584500               -981.790000                 -33564.000000
98.709200               -983.080000                 -33651.000000
98.833800               -984.250000                 -33710.000000
98.958400               -985.420000                 -33798.000000
99.083100               -986.710000                 -33929.000000
99.207700               -987.990000                 -34032.000000
99.332300               -989.280000                 -34090.000000
99.457000               -990.680000                 -34193.000000
99.581600               -991.850000                 -34280.000000
99.706200               -993.260000                 -34383.000000
99.830900               -994.540000                 -34470.000000
99.955500               -995.710000                 -34558.000000
100.080100               -996.880000                 -34660.000000
100.204800               -998.170000                 -34792.000000
100.329400               -999.340000                 -35026.000000
100.454000               -1000.600000                 -35055.000000
100.578700               -1001.800000                 -35129.000000
100.703300               -1003.100000                 -35187.000000
100.827900               -1004.200000                 -35319.000000
100.952600               -1005.500000                 -35362.000000
101.077200               -1006.800000                 -35465.000000
101.201800               -1008.000000                 -35523.000000
101.326400               -1009.200000                 -35699.000000
101.451100               -1010.500000                 -35845.000000
101.575700               -1011.600000                 -35933.000000
101.700300               -1013.000000                 -35962.000000
101.825000               -1014.300000                 -36035.000000
101.949600               -1015.500000                 -36138.000000
102.074200               -1016.900000                 -36225.000000
102.198900               -1018.200000                 -36313.000000
102.323500               -1019.300000                 -36386.000000
102.448100               -1020.500000                 -36562.000000
102.572800               -1021.800000                 -36620.000000
102.697400               -1023.000000                 -36693.000000
102.822000               -1024.100000                 -36752.000000
102.946700               -1025.500000                 -36869.000000
103.071300               -1026.700000                 -36986.000000
103.195900               -1027.900000                 -37059.000000
103.320600               -1029.200000                 -37132.000000
103.445200               -1030.500000                 -37191.000000
103.569800               -1031.600000                 -37293.000000
103.694500               -1032.800000                 -37439.000000
103.819100               -1034.100000                 -37571.000000
103.943700               -1035.400000                 -37732.000000
104.068400               -1036.500000                 -37805.000000
104.193000               -1037.800000                 -37878.000000
104.317600               -1039.000000                 -37951.000000
104.442300               -1040.300000                 -38097.000000
104.566900               -1041.400000                 -38170.000000
104.691500               -1042.600000                 -38229.000000
104.816200               -1043.900000                 -38331.000000
104.940800               -1045.200000                 -38390.000000
105.065400               -1046.300000                 -38478.000000
105.190100               -1047.600000                 -38565.000000
105.314700               -1049.000000                 -38668.000000
105.439300               -1050.300000                 -38726.000000
105.564000               -1051.600000                 -38843.000000
105.688600               -1052.900000                 -38902.000000
105.813200               -1054.200000                 -39106.000000
105.937900               -1055.200000                 -39253.000000
106.062500               -1056.400000                 -39282.000000
106.187100               -1057.600000                 -39326.000000
106.311800               -1058.800000                 -39355.000000
106.436400               -1060.200000                 -39428.000000
106.561000               -1061.400000                 -39501.000000
106.685700               -1062.600000                 -39618.000000
106.810300               -1063.900000                 -39750.000000
106.934900               -1065.100000                 -39867.000000
107.059600               -1066.300000                 -39969.000000
107.184200               -1067.500000                 -40042.000000
107.308800               -1068.900000                 -40276.000000
107.433500               -1070.100000                 -40306.000000
107.558100               -1071.400000                 -40393.000000
107.682700               -1072.500000                 -40423.000000
107.807400               -1074.000000                 -40437.000000
107.932000               -1075.100000                 -40598.000000
108.056600               -1076.500000                 -40657.000000
108.181300               -1077.700000                 -40774.000000
108.305900               -1078.800000                 -40920.000000
108.430500               -1080.300000                 -41008.000000
108.555200               -1081.400000                 -41095.000000
108.679800               -1082.700000                 -41242.000000
108.804400               -1084.000000                 -41373.000000
108.929000               -1085.200000                 -41578.000000
109.053700               -1086.300000                 -41666.000000
109.178300               -1087.600000                 -41739.000000
109.302900               -1088.800000                 -41841.000000
109.427600               -1090.100000                 -41900.000000
109.552200               -1091.300000                 -42046.000000
109.676800               -1092.500000                 -42163.000000
109.801500               -1093.700000                 -42178.000000
109.926100               -1094.900000                 -42265.000000
110.050700               -1096.200000                 -42324.000000
110.175400               -1097.500000                 -42456.000000
110.300000               -1098.700000                 -42558.000000
110.424600               -1100.000000                 -42704.000000
110.549300               -1101.300000                 -42777.000000
110.673900               -1102.700000                 -42880.000000
110.798500               -1103.800000                 -42923.000000
110.923200               -1105.100000                 -43011.000000
111.047800               -1106.300000                 -43041.000000
111.172400               -1107.600000                 -43143.000000
111.297100               -1108.800000                 -43377.000000
111.421700               -1109.900000                 -43508.000000
111.546300               -1111.100000                 -43567.000000
111.671000               -1112.400000                 -43655.000000
111.795600               -1113.600000                 -43713.000000
111.920200               -1114.900000                 -43786.000000
112.044900               -1116.200000                 -43918.000000
112.169500               -1117.300000                 -43962.000000
112.294100               -1118.600000                 -44064.000000
112.418800               -1119.700000                 -44211.000000
112.543400               -1121.000000                 -44269.000000
112.668000               -1122.200000                 -44357.000000
112.792700               -1123.400000                 -44430.000000
112.917300               -1124.700000                 -44503.000000
113.041900               -1126.100000                 -44562.000000
113.166600               -1127.400000                 -44635.000000
113.291200               -1128.700000                 -44883.000000
113.415800               -1129.700000                 -44912.000000
113.540500               -1130.900000                 -45015.000000
113.665100               -1132.200000                 -45073.000000
113.789700               -1133.700000                 -45176.000000
113.914400               -1134.900000                 -45220.000000
114.039000               -1136.000000                 -45263.000000
114.163600               -1137.300000                 -45380.000000
114.288300               -1138.600000                 -45497.000000
114.412900               -1139.800000                 -45746.000000
114.537500               -1141.000000                 -45761.000000
114.662200               -1142.200000                 -45790.000000
114.786800               -1143.400000                 -45834.000000
114.911400               -1144.700000                 -45922.000000
115.036100               -1146.000000                 -45951.000000
115.160700               -1147.300000                 -46039.000000
115.285300               -1148.500000                 -46156.000000
115.410000               -1149.600000                 -46258.000000
115.534600               -1150.800000                 -46229.000000
115.659200               -1152.100000                 -46419.000000
115.783900               -1153.200000                 -46697.000000
115.908500               -1154.500000                 -46755.000000
116.033100               -1155.800000                 -46828.000000
116.157700               -1157.200000                 -46887.000000
116.282400               -1158.500000                 -47048.000000
116.407000               -1159.700000                 -47150.000000
116.531600               -1161.100000                 -47267.000000
116.656300               -1162.200000                 -47355.000000
116.780900               -1163.500000                 -47530.000000
116.905500               -1164.700000                 -47750.000000
117.030200               -1165.900000                 -47750.000000
117.154800               -1167.200000                 -47808.000000
117.279400               -1168.300000                 -47910.000000
117.404100               -1169.600000                 -47998.000000
117.528700               -1170.800000                 -48042.000000
117.653300               -1172.200000                 -48188.000000
117.778000               -1173.400000                 -48261.000000
117.902600               -1174.700000                 -48320.000000
118.027200               -1175.800000                 -48452.000000
118.151900               -1177.000000                 -48569.000000
118.276500               -1178.200000                 -48598.000000
118.401100               -1179.400000                 -48671.000000
118.525800               -1180.700000                 -48773.000000
118.650400               -1181.900000                 -48861.000000
118.775000               -1183.100000                 -48934.000000
118.899700               -1184.600000                 -49197.000000
119.024300               -1185.900000                 -49285.000000
119.148900               -1187.200000                 -49300.000000
119.273600               -1188.500000                 -49388.000000
119.398200               -1189.500000                 -49461.000000
119.522800               -1190.800000                 -49607.000000
119.647500               -1191.800000                 -49636.000000
119.772100               -1193.400000                 -49724.000000
119.896700               -1194.500000                 -49812.000000
120.021400               -1195.700000                 -49914.000000
120.146000               -1197.000000                 -50031.000000
120.270600               -1198.300000                 -50192.000000
120.395300               -1199.400000                 -50324.000000
120.519900               -1200.600000                 -50382.000000
120.644500               -1201.900000                 -50411.000000
120.769200               -1203.100000                 -50602.000000
120.893800               -1204.300000                 -50616.000000
121.018400               -1205.500000                 -50704.000000
121.143100               -1206.800000                 -50938.000000
121.267700               -1208.200000                 -50967.000000
121.392300               -1209.200000                 -50952.000000
121.517000               -1210.400000                 -51069.000000
121.641600               -1211.600000                 -51172.000000
121.766200               -1212.900000                 -51289.000000
121.890900               -1214.400000                 -51435.000000
122.015500               -1215.800000                 -51611.000000
122.140100               -1217.100000                 -51654.000000
122.264800               -1218.400000                 -51771.000000
122.389400               -1219.700000                 -51771.000000
122.514000               -1221.200000                 -51918.000000
122.638700               -1222.100000                 -51962.000000
122.763300               -1223.500000                 -52020.000000
122.887900               -1224.600000                 -52137.000000
123.012600               -1225.900000                 -52181.000000
123.137200               -1227.300000                 -52327.000000
123.261800               -1228.300000                 -52298.000000
123.386500               -1229.700000                 -52429.000000
123.511100               -1230.900000                 -52547.000000
123.635700               -1232.200000                 -52576.000000
123.760300               -1233.400000                 -52649.000000
123.885000               -1234.800000                 -52912.000000
124.009600               -1235.900000                 -53058.000000
124.134200               -1237.100000                 -53029.000000
124.258900               -1238.300000                 -53146.000000
124.383500               -1239.500000                 -53175.000000
124.508100               -1240.800000                 -53307.000000
124.632800               -1242.100000                 -53409.000000
124.757400               -1243.200000                 -53468.000000
124.882000               -1244.500000                 -53512.000000
125.006700               -1245.600000                 -53570.000000
125.131300               -1246.800000                 -53643.000000
125.255900               -1248.100000                 -53760.000000
125.380600               -1249.500000                 -53819.000000
125.505200               -1250.700000                 -53892.000000
125.629800               -1251.800000                 -53936.000000
125.754500               -1253.100000                 -54126.000000
125.879100               -1254.300000                 -54228.000000
126.003700               -1255.800000                 -54287.000000
126.128400               -1256.900000                 -54433.000000
126.253000               -1258.300000                 -54653.000000
126.377600               -1259.400000                 -54799.000000
126.502300               -1260.600000                 -54843.000000
126.626900               -1261.800000                 -54886.000000
126.751500               -1263.200000                 -54945.000000
126.876200               -1264.200000                 -55018.000000
127.000800               -1265.600000                 -55018.000000
127.125400               -1266.900000                 -55106.000000
127.250100               -1268.000000                 -55194.000000
127.374700               -1269.300000                 -55296.000000
127.499300               -1270.500000                 -55355.000000
127.624000               -1271.600000                 -55428.000000
127.748600               -1273.000000                 -55545.000000
127.873200               -1274.200000                 -55691.000000
127.997900               -1275.500000                 -55764.000000
128.122500               -1276.600000                 -55793.000000
128.247100               -1277.900000                 -55925.000000
128.371800               -1279.100000                 -55998.000000
128.496400               -1280.500000                 -56159.000000
128.621000               -1281.700000                 -56232.000000
128.745700               -1282.800000                 -56334.000000
128.870300               -1284.200000                 -56451.000000
128.994900               -1285.500000                 -56758.000000
129.119600               -1286.700000                 -56919.000000
129.244200               -1287.800000                 -56890.000000
129.368800               -1289.100000                 -57036.000000
129.493500               -1290.500000                 -57051.000000
129.618100               -1291.600000                 -57095.000000
129.742700               -1292.800000                 -57197.000000
129.867400               -1294.200000                 -57241.000000
129.992000               -1295.500000                 -57256.000000
130.116600               -1296.600000                 -57490.000000
130.241300               -1297.800000                 -57592.000000
130.365900               -1299.100000                 -57636.000000
130.490500               -1300.200000                 -57651.000000
130.615200               -1301.500000                 -57680.000000
130.739800               -1302.700000                 -57724.000000
130.864400               -1304.000000                 -57797.000000
130.989100               -1305.200000                 -57928.000000
131.113700               -1306.500000                 -57943.000000
131.238300               -1307.600000                 -58089.000000
131.362900               -1308.800000                 -58177.000000
131.487600               -1310.300000                 -58221.000000
131.612200               -1311.700000                 -58499.000000
131.736800               -1313.000000                 -58616.000000
131.861500               -1314.300000                 -58703.000000
131.986100               -1315.500000                 -58733.000000
132.110700               -1316.700000                 -58777.000000
132.235400               -1317.900000                 -58879.000000
132.360000               -1319.100000                 -58894.000000
132.484600               -1320.400000                 -58952.000000
132.609300               -1321.500000                 -59025.000000
132.733900               -1322.700000                 -59025.000000
132.858500               -1324.000000                 -59025.000000
132.983200               -1325.300000                 -59142.000000
133.107800               -1326.500000                 -59230.000000
133.232400               -1327.700000                 -59332.000000
133.357100               -1328.900000                 -59435.000000
133.481700               -1330.200000                 -59800.000000
133.606300               -1331.400000                 -59990.000000
133.731000               -1332.600000                 -60078.000000
133.855600               -1333.800000                 -60137.000000
133.980200               -1335.000000                 -60693.000000
134.104900               -1336.400000                 -60649.000000
134.229500               -1337.600000                 -60634.000000
134.354100               -1338.600000                 -60663.000000
134.478800               -1340.000000                 -60751.000000
134.603400               -1341.400000                 -60839.000000
134.728000               -1342.700000                 -60897.000000
134.852700               -1343.900000                 -60912.000000
134.977300               -1345.200000                 -60970.000000
135.101900               -1346.400000                 -61073.000000
135.226600               -1347.700000                 -61175.000000
135.351200               -1348.900000                 -61190.000000
135.475800               -1350.100000                 -61307.000000
135.600500               -1351.400000                 -61365.000000
135.725100               -1352.600000                 -61497.000000
135.849700               -1353.800000                 -61585.000000
135.974400               -1355.000000                 -61629.000000
136.099000               -1356.200000                 -61731.000000
136.223600               -1357.300000                 -61789.000000
136.348300               -1358.600000                 -61862.000000
136.472900               -1359.900000                 -61906.000000
136.597500               -1361.200000                 -62053.000000
136.722200               -1362.200000                 -62535.000000
136.846800               -1363.400000                 -62594.000000
136.971400               -1364.700000                 -62608.000000
137.096100               -1365.900000                 -62667.000000
137.220700               -1367.000000                 -62711.000000
137.345300               -1368.200000                 -62711.000000
137.470000               -1369.600000                 -62798.000000
137.594600               -1370.900000                 -62959.000000
137.719200               -1372.400000                 -63003.000000
137.843900               -1373.700000                 -63091.000000
137.968500               -1374.600000                 -63135.000000
138.093100               -1376.200000                 -63208.000000
138.217800               -1377.400000                 -63252.000000
138.342400               -1378.600000                 -63325.000000
138.467000               -1379.900000                 -63398.000000
138.591700               -1381.100000                 -63442.000000
138.716300               -1382.300000                 -63486.000000
138.840900               -1383.500000                 -64129.000000
138.965500               -1384.700000                 -64100.000000
139.090200               -1386.000000                 -64100.000000
139.214800               -1387.100000                 -64159.000000
139.339400               -1388.400000                 -64276.000000
139.464100               -1389.600000                 -64290.000000
139.588700               -1391.000000                 -64392.000000
139.713300               -1392.200000                 -64422.000000
139.838000               -1393.500000                 -64480.000000
139.962600               -1394.500000                 -64583.000000
140.087200               -1395.900000                 -64641.000000
140.211900               -1397.200000                 -64802.000000
140.336500               -1398.500000                 -64861.000000
140.461100               -1399.700000                 -64963.000000
140.585800               -1401.100000                 -65021.000000
140.710400               -1402.300000                 -65080.000000
140.835000               -1403.500000                 -65109.000000
140.959700               -1404.700000                 -65212.000000
141.084300               -1405.700000                 -65548.000000
141.208900               -1407.100000                 -65709.000000
141.333600               -1408.300000                 -65694.000000
141.458200               -1409.600000                 -65782.000000
141.582800               -1410.800000                 -65782.000000
141.707500               -1412.000000                 -65928.000000
141.832100               -1413.200000                 -66031.000000
141.956700               -1414.500000                 -66104.000000
142.081400               -1415.700000                 -66191.000000
142.206000               -1417.000000                 -66469.000000
142.330600               -1418.100000                 -66572.000000
142.455300               -1419.300000                 -66601.000000
142.579900               -1420.600000                 -66615.000000
142.704500               -1421.900000                 -66630.000000
142.829200               -1423.000000                 -66718.000000
142.953800               -1424.300000                 -66762.000000
143.078400               -1425.600000                 -66806.000000
143.203100               -1426.900000                 -66879.000000
143.327700               -1428.400000                 -66923.000000
143.452300               -1429.400000                 -66981.000000
143.577000               -1430.400000                 -67054.000000
143.701600               -1431.800000                 -67157.000000
143.826200               -1433.100000                 -67201.000000
143.950900               -1434.500000                 -67434.000000
144.075500               -1435.800000                 -67508.000000
144.200100               -1436.800000                 -67800.000000
144.324800               -1438.200000                 -68107.000000
144.449400               -1439.400000                 -68093.000000
144.574000               -1440.700000                 -68151.000000
144.698700               -1441.900000                 -68136.000000
144.823300               -1443.300000                 -68180.000000
144.947900               -1444.500000                 -68297.000000
145.072600               -1445.800000                 -68297.000000
145.197200               -1446.800000                 -68327.000000
145.321800               -1448.000000                 -68371.000000
145.446500               -1449.200000                 -68546.000000
145.571100               -1450.500000                 -68605.000000
145.695700               -1451.900000                 -68707.000000
145.820400               -1453.200000                 -68780.000000
145.945000               -1454.200000                 -68838.000000
146.069600               -1455.600000                 -68926.000000
146.194200               -1456.700000                 -69116.000000
146.318900               -1458.100000                 -69599.000000
146.443500               -1459.300000                 -69599.000000
146.568100               -1460.600000                 -69555.000000
146.692800               -1461.900000                 -69570.000000
146.817400               -1463.200000                 -69628.000000
146.942000               -1464.300000                 -69672.000000
147.066700               -1465.600000                 -69731.000000
147.191300               -1466.800000                 -69789.000000
147.315900               -1468.100000                 -69848.000000
147.440600               -1469.200000                 -70023.000000
147.565200               -1470.500000                 -70023.000000
147.689800               -1471.700000                 -70169.000000
147.814500               -1472.900000                 -70301.000000
147.939100               -1474.000000                 -70345.000000
148.063700               -1475.300000                 -70447.000000
148.188400               -1476.600000                 -70520.000000
148.313000               -1477.800000                 -70652.000000
148.437600               -1479.100000                 -70667.000000
148.562300               -1480.200000                 -70696.000000
148.686900               -1481.600000                 -70827.000000
148.811500               -1483.000000                 -70959.000000
148.936200               -1484.200000                 -71032.000000
149.060800               -1485.500000                 -71149.000000
149.185400               -1486.700000                 -71266.000000
149.310100               -1487.700000                 -71354.000000
149.434700               -1489.000000                 -71383.000000
149.559300               -1490.200000                 -72012.000000
149.684000               -1491.600000                 -72027.000000
149.808600               -1493.000000                 -72012.000000
149.933200               -1494.200000                 -72114.000000
150.057900               -1495.300000                 -72100.000000
150.182500               -1496.500000                 -72173.000000
150.307100               -1497.800000                 -72173.000000
150.431800               -1499.100000                 -72246.000000
