

Цикл № 1
Шаг  № 1
Точек  1001
Потенциостатический стационарный режим 170мВ
Время, с.              Потенциал, мВ            Ток, мкА
0.414200               169.910000                 5124.200000
0.813000               169.910000                 4764.100000
1.211900               169.880000                 4544.200000
1.610700               169.890000                 4374.200000
2.009500               169.880000                 4232.800000
2.408300               169.940000                 4111.500000
2.807200               169.900000                 4004.800000
3.206000               169.890000                 3910.100000
3.604800               169.900000                 3824.600000
4.003600               169.900000                 3746.900000
4.402500               169.890000                 3675.800000
4.801300               169.900000                 3610.800000
5.200100               169.900000                 3550.300000
5.598900               169.930000                 3494.100000
5.997800               169.930000                 3442.000000
6.396600               169.890000                 3393.600000
6.795400               169.910000                 3348.600000
7.194200               169.890000                 3306.100000
7.593100               169.880000                 3266.400000
7.991900               169.870000                 3229.400000
8.390700               169.880000                 3194.600000
8.789500               169.870000                 3161.900000
9.188400               169.900000                 3131.400000
9.587200               169.870000                 3102.400000
9.986000               169.870000                 3075.300000
10.384800               169.870000                 3049.400000
10.783700               169.880000                 3025.500000
11.182500               169.860000                 3002.700000
11.581300               169.870000                 2981.300000
11.980100               169.870000                 2961.300000
12.379000               169.870000                 2942.500000
12.777800               169.890000                 2925.000000
13.176600               169.870000                 2908.700000
13.575400               169.920000                 2893.200000
13.974300               169.880000                 2878.900000
14.373100               169.880000                 2865.400000
14.771900               169.880000                 2853.300000
15.170700               169.860000                 2841.900000
15.569600               169.880000                 2831.300000
15.968400               169.840000                 2821.700000
16.367200               169.860000                 2812.900000
16.766000               169.880000                 2805.100000
17.164900               169.910000                 2798.500000
17.563700               169.880000                 2791.800000
17.962500               169.870000                 2786.000000
18.361300               169.890000                 2780.500000
18.760200               169.860000                 2776.200000
19.159000               169.880000                 2771.700000
19.557800               169.890000                 2768.200000
19.956600               169.850000                 2764.900000
20.355500               169.870000                 2762.900000
20.754300               169.930000                 2761.100000
21.153100               169.880000                 2759.700000
21.551900               169.890000                 2757.700000
21.950800               169.870000                 2755.400000
22.349600               169.880000                 2755.100000
22.748400               169.870000                 2754.900000
23.147200               169.880000                 2754.500000
23.546100               169.870000                 2753.300000
23.944900               169.860000                 2751.600000
24.343700               169.880000                 2749.800000
24.742500               169.890000                 2748.100000
25.141400               169.910000                 2746.000000
25.540200               169.920000                 2744.000000
25.939000               169.910000                 2741.900000
26.337800               169.860000                 2740.000000
26.736700               169.870000                 2737.600000
27.135500               169.900000                 2735.700000
27.534300               169.870000                 2733.400000
27.933100               169.910000                 2731.300000
28.332000               169.860000                 2728.700000
28.730800               169.880000                 2726.300000
29.129600               169.910000                 2724.300000
29.528400               169.900000                 2721.600000
29.927300               169.860000                 2719.200000
30.326100               169.900000                 2716.300000
30.724900               169.870000                 2713.400000
31.123700               169.890000                 2710.700000
31.522600               169.880000                 2707.700000
31.921400               169.920000                 2704.300000
32.320200               169.930000                 2701.300000
32.719000               169.860000                 2698.300000
33.117900               169.900000                 2695.300000
33.516700               169.890000                 2692.300000
33.915500               169.920000                 2689.100000
34.314300               169.930000                 2685.800000
34.713200               169.890000                 2682.800000
35.112000               169.890000                 2679.400000
35.510800               169.910000                 2676.100000
35.909600               169.890000                 2673.000000
36.308500               169.900000                 2669.200000
36.707300               169.900000                 2666.000000
37.106100               169.900000                 2662.800000
37.504900               169.890000                 2659.200000
37.903800               169.900000                 2655.600000
38.302600               169.900000                 2652.100000
38.701400               169.910000                 2648.500000
39.100200               169.880000                 2644.900000
39.499100               169.900000                 2641.100000
39.897900               169.900000                 2637.600000
40.296700               169.880000                 2633.800000
40.695500               169.940000                 2630.300000
41.094400               169.860000                 2626.400000
41.493200               169.900000                 2623.200000
41.892000               169.850000                 2619.000000
42.290800               169.890000                 2615.700000
42.689700               169.880000                 2611.900000
43.088500               169.880000                 2608.500000
43.487300               169.880000                 2605.100000
43.886100               169.900000                 2601.700000
44.285000               169.880000                 2597.800000
44.683800               169.880000                 2593.900000
45.082600               169.920000                 2590.200000
45.481400               169.890000                 2586.400000
45.880300               169.890000                 2582.600000
46.279100               169.910000                 2578.700000
46.677900               169.870000                 2574.800000
47.076700               169.930000                 2570.700000
47.475600               169.880000                 2567.200000
47.874400               169.900000                 2563.100000
48.273200               169.890000                 2559.100000
48.672000               169.910000                 2555.200000
49.070900               169.900000                 2551.200000
49.469700               169.920000                 2547.300000
49.868500               169.900000                 2543.100000
50.267300               169.910000                 2539.200000
50.666200               169.920000                 2535.400000
51.065000               169.920000                 2531.400000
51.463800               169.930000                 2527.600000
51.862600               169.910000                 2523.600000
52.261500               169.910000                 2519.400000
52.660300               169.890000                 2515.600000
53.059100               169.940000                 2511.500000
53.457900               169.920000                 2507.700000
53.856800               169.880000                 2503.500000
54.255600               169.910000                 2499.800000
54.654400               169.860000                 2495.600000
55.053200               169.880000                 2491.600000
55.452100               169.900000                 2487.900000
55.850900               169.890000                 2484.100000
56.249700               169.920000                 2480.600000
56.648500               169.890000                 2476.600000
57.047400               169.900000                 2472.900000
57.446200               169.940000                 2468.900000
57.845000               169.890000                 2465.200000
58.243800               169.910000                 2461.300000
58.642700               169.900000                 2457.500000
59.041500               169.920000                 2454.100000
59.440300               169.880000                 2450.300000
59.839100               169.870000                 2446.600000
60.238000               169.880000                 2442.800000
60.636800               169.880000                 2439.100000
61.035600               169.870000                 2435.300000
61.434400               169.880000                 2431.500000
61.833300               169.850000                 2427.700000
62.232100               169.850000                 2424.200000
62.630900               169.910000                 2420.500000
63.029700               169.860000                 2416.800000
63.428600               169.870000                 2413.100000
63.827400               169.850000                 2409.600000
64.226200               169.870000                 2406.000000
64.625000               169.870000                 2402.600000
65.023900               169.890000                 2399.100000
65.422700               169.870000                 2395.400000
65.821500               169.890000                 2392.000000
66.220300               169.850000                 2388.400000
66.619200               169.880000                 2385.200000
67.018000               169.880000                 2381.600000
67.416800               169.880000                 2378.000000
67.815600               169.860000                 2374.600000
68.214500               169.870000                 2371.200000
68.613300               169.870000                 2367.600000
69.012100               169.870000                 2364.200000
69.410900               169.880000                 2361.000000
69.809800               169.860000                 2357.600000
70.208600               169.880000                 2354.400000
70.607400               169.870000                 2350.900000
71.006200               169.880000                 2347.700000
71.405100               169.870000                 2344.200000
71.803900               169.870000                 2340.800000
72.202700               169.880000                 2337.500000
72.601500               169.890000                 2334.200000
73.000400               169.850000                 2330.700000
73.399200               169.900000                 2327.700000
73.798000               169.890000                 2324.100000
74.196800               169.870000                 2320.900000
74.595700               169.870000                 2317.400000
74.994500               169.870000                 2314.400000
75.393300               169.860000                 2311.100000
75.792100               169.860000                 2307.700000
76.191000               169.870000                 2304.500000
76.589800               169.880000                 2301.400000
76.988600               169.860000                 2297.900000
77.387400               169.880000                 2294.900000
77.786300               169.880000                 2291.500000
78.185100               169.870000                 2288.200000
78.583900               169.890000                 2285.200000
78.982700               169.880000                 2281.800000
79.381600               169.880000                 2278.800000
79.780400               169.890000                 2275.500000
80.179200               169.900000                 2272.400000
80.578000               169.910000                 2269.100000
80.976900               169.890000                 2266.000000
81.375700               169.890000                 2262.900000
81.774500               169.880000                 2259.900000
82.173300               169.890000                 2256.500000
82.572200               169.860000                 2253.400000
82.971000               169.910000                 2250.600000
83.369800               169.910000                 2247.700000
83.768600               169.890000                 2244.100000
84.167500               169.860000                 2241.000000
84.566300               169.910000                 2237.900000
84.965100               169.900000                 2234.700000
85.363900               169.860000                 2231.500000
85.762800               169.880000                 2228.400000
86.161600               169.870000                 2225.400000
86.560400               169.880000                 2222.100000
86.959200               169.870000                 2219.000000
87.358100               169.850000                 2216.100000
87.756900               169.880000                 2213.200000
88.155700               169.890000                 2210.000000
88.554500               169.870000                 2206.800000
88.953400               169.860000                 2203.600000
89.352200               169.880000                 2200.500000
89.751000               169.860000                 2197.400000
90.149800               169.880000                 2194.500000
90.548700               169.870000                 2191.300000
90.947500               169.890000                 2188.300000
91.346300               169.890000                 2185.400000
91.745100               169.880000                 2182.400000
92.144000               169.870000                 2179.300000
92.542800               169.870000                 2176.300000
92.941600               169.860000                 2173.300000
93.340400               169.850000                 2170.400000
93.739200               169.880000                 2167.700000
94.138100               169.880000                 2166.000000
94.536900               169.880000                 2164.100000
94.935700               169.910000                 2161.300000
95.334500               169.840000                 2158.400000
95.733400               169.900000                 2155.200000
96.132200               169.910000                 2151.900000
96.531000               169.860000                 2148.900000
96.929800               169.850000                 2145.600000
97.328700               169.880000                 2142.700000
97.727500               169.910000                 2139.300000
98.126300               169.870000                 2136.300000
98.525100               169.900000                 2133.000000
98.924000               169.910000                 2129.900000
99.322800               169.900000                 2126.900000
99.721600               169.860000                 2123.800000
100.120400               169.890000                 2120.700000
100.519300               169.880000                 2117.900000
100.918100               169.870000                 2114.800000
101.316900               169.900000                 2111.400000
101.715700               169.880000                 2108.500000
102.114600               169.930000                 2106.000000
102.513400               169.880000                 2103.800000
102.912200               169.880000                 2101.100000
103.311000               169.890000                 2098.600000
103.709900               169.870000                 2095.700000
104.108700               169.890000                 2093.900000
104.507500               169.840000                 2090.900000
104.906300               169.900000                 2088.200000
105.305200               169.900000                 2085.200000
105.704000               169.880000                 2082.200000
106.102800               169.880000                 2079.100000
106.501600               169.880000                 2076.000000
106.900500               169.870000                 2072.500000
107.299300               169.870000                 2069.400000
107.698100               169.890000                 2066.300000
108.096900               169.880000                 2063.100000
108.495800               169.870000                 2060.000000
108.894600               169.870000                 2057.200000
109.293400               169.900000                 2053.800000
109.692200               169.910000                 2050.400000
110.091100               169.880000                 2047.300000
110.489900               169.880000                 2044.400000
110.888700               169.910000                 2041.200000
111.287500               169.880000                 2038.000000
111.686400               169.880000                 2034.900000
112.085200               169.850000                 2031.600000
112.484000               169.860000                 2028.500000
112.882800               169.900000                 2025.600000
113.281700               169.860000                 2022.400000
113.680500               169.880000                 2019.300000
114.079300               169.850000                 2016.100000
114.478100               169.870000                 2012.900000
114.877000               169.860000                 2010.000000
115.275800               169.870000                 2006.900000
115.674600               169.880000                 2003.900000
116.073400               169.840000                 2000.800000
116.472300               169.860000                 1997.500000
116.871100               169.860000                 1994.300000
117.269900               169.840000                 1991.300000
117.668700               169.860000                 1988.500000
118.067600               169.880000                 1985.300000
118.466400               169.860000                 1982.000000
118.865200               169.880000                 1979.100000
119.264000               169.880000                 1976.200000
119.662900               169.880000                 1973.000000
120.061700               169.840000                 1970.000000
120.460500               169.850000                 1966.800000
120.859300               169.900000                 1963.700000
121.258200               169.880000                 1960.800000
121.657000               169.860000                 1957.600000
122.055800               169.900000                 1954.400000
122.454600               169.850000                 1951.300000
122.853500               169.860000                 1948.200000
123.252300               169.860000                 1945.300000
123.651100               169.880000                 1942.000000
124.049900               169.870000                 1939.100000
124.448800               169.880000                 1936.200000
124.847600               169.900000                 1933.100000
125.246400               169.900000                 1929.900000
125.645200               169.920000                 1926.900000
126.044100               169.870000                 1923.600000
126.442900               169.880000                 1920.500000
126.841700               169.910000                 1917.200000
127.240500               169.880000                 1914.500000
127.639400               169.900000                 1911.300000
128.038200               169.890000                 1908.200000
128.437000               169.890000                 1904.900000
128.835800               169.860000                 1901.800000
129.234700               169.880000                 1898.700000
129.633500               169.860000                 1895.400000
130.032300               169.870000                 1892.300000
130.431100               169.890000                 1889.200000
130.830000               169.900000                 1886.200000
131.228800               169.920000                 1883.000000
131.627600               169.860000                 1879.600000
132.026400               169.900000                 1876.800000
132.425300               169.910000                 1873.800000
132.824100               169.860000                 1870.500000
133.222900               169.920000                 1867.300000
133.621700               169.910000                 1864.100000
134.020600               169.890000                 1861.000000
134.419400               169.890000                 1857.800000
134.818200               169.910000                 1855.000000
135.217000               169.890000                 1852.000000
135.615900               169.900000                 1849.000000
136.014700               169.870000                 1846.100000
136.413500               169.890000                 1842.900000
136.812300               169.900000                 1839.700000
137.211200               169.910000                 1836.800000
137.610000               169.880000                 1833.600000
138.008800               169.890000                 1830.100000
138.407600               169.890000                 1827.200000
138.806500               169.910000                 1823.700000
139.205300               169.900000                 1820.900000
139.604100               169.880000                 1817.400000
140.002900               169.870000                 1814.300000
140.401800               169.890000                 1811.400000
140.800600               169.880000                 1808.200000
141.199400               169.880000                 1804.900000
141.598200               169.890000                 1801.900000
141.997100               169.890000                 1799.200000
142.395900               169.890000                 1795.800000
142.794700               169.870000                 1792.600000
143.193500               169.880000                 1789.500000
143.592400               169.880000                 1786.500000
143.991200               169.870000                 1783.400000
144.390000               169.900000                 1780.200000
144.788800               169.880000                 1777.300000
145.187700               169.880000                 1773.900000
145.586500               169.880000                 1771.000000
145.985300               169.870000                 1767.900000
146.384100               169.870000                 1764.600000
146.783000               169.910000                 1761.500000
147.181800               169.920000                 1758.300000
147.580600               169.910000                 1755.400000
147.979400               169.890000                 1752.100000
148.378300               169.900000                 1749.300000
148.777100               169.880000                 1746.400000
149.175900               169.910000                 1743.200000
149.574700               169.920000                 1739.800000
149.973600               169.900000                 1737.100000
150.372400               169.860000                 1734.000000
150.771200               169.920000                 1730.800000
151.170000               169.870000                 1727.700000
151.568900               169.910000                 1724.900000
151.967700               169.880000                 1721.800000
152.366500               169.900000                 1719.100000
152.765300               169.940000                 1715.900000
153.164200               169.880000                 1712.800000
153.563000               169.900000                 1709.700000
153.961800               169.910000                 1706.800000
154.360600               169.900000                 1704.100000
154.759500               169.870000                 1700.400000
155.158300               169.880000                 1697.500000
155.557100               169.910000                 1694.800000
155.955900               169.880000                 1691.500000
156.354800               169.930000                 1688.800000
156.753600               169.880000                 1685.800000
157.152400               169.890000                 1682.800000
157.551200               169.880000                 1679.900000
157.950100               169.910000                 1677.100000
158.348900               169.920000                 1673.900000
158.747700               169.880000                 1670.900000
159.146500               169.920000                 1668.100000
159.545400               169.890000                 1665.400000
159.944200               169.910000                 1662.300000
160.343000               169.890000                 1659.500000
160.741800               169.900000                 1656.200000
161.140700               169.880000                 1653.500000
161.539500               169.860000                 1650.400000
161.938300               169.880000                 1647.600000
162.337100               169.890000                 1644.700000
162.736000               169.880000                 1641.700000
163.134800               169.920000                 1638.800000
163.533600               169.900000                 1636.000000
163.932400               169.880000                 1633.000000
164.331300               169.860000                 1630.100000
164.730100               169.890000                 1627.300000
165.128900               169.900000                 1624.400000
165.527700               169.850000                 1621.700000
165.926600               169.850000                 1618.800000
166.325400               169.890000                 1615.900000
166.724200               169.870000                 1613.100000
167.123000               169.850000                 1610.300000
167.521900               169.850000                 1607.500000
167.920700               169.850000                 1606.400000
168.319500               169.870000                 1615.300000
168.718300               169.890000                 1608.500000
169.117200               169.830000                 1602.200000
169.516000               169.850000                 1597.400000
169.914800               169.880000                 1593.600000
170.313600               169.850000                 1589.800000
170.712500               169.860000                 1586.700000
171.111300               169.850000                 1583.500000
171.510100               169.830000                 1580.300000
171.908900               169.860000                 1577.500000
172.307800               169.860000                 1574.600000
172.706600               169.840000                 1571.600000
173.105400               169.860000                 1569.200000
173.504200               169.880000                 1566.700000
173.903100               169.880000                 1563.600000
174.301900               169.830000                 1560.700000
174.700700               169.850000                 1557.900000
175.099500               169.840000                 1554.900000
175.498400               169.840000                 1552.100000
175.897200               169.860000                 1549.400000
176.296000               169.870000                 1546.500000
176.694800               169.850000                 1543.800000
177.093700               169.850000                 1541.100000
177.492500               169.860000                 1538.300000
177.891300               169.860000                 1535.600000
178.290100               169.870000                 1532.900000
178.689000               169.860000                 1530.200000
179.087800               169.830000                 1527.500000
179.486600               169.870000                 1524.900000
179.885400               169.890000                 1522.200000
180.284300               169.850000                 1519.500000
180.683100               169.880000                 1517.200000
181.081900               169.870000                 1514.800000
181.480700               169.850000                 1512.000000
181.879600               169.860000                 1509.500000
182.278400               169.900000                 1507.000000
182.677200               169.850000                 1504.200000
183.076000               169.870000                 1501.800000
183.474900               169.870000                 1499.200000
183.873700               169.860000                 1496.600000
184.272500               169.840000                 1494.200000
184.671300               169.850000                 1491.600000
185.070200               169.830000                 1489.100000
185.469000               169.860000                 1486.600000
185.867800               169.830000                 1484.300000
186.266600               169.880000                 1481.700000
186.665400               169.850000                 1479.300000
187.064300               169.870000                 1477.100000
187.463100               169.860000                 1474.600000
187.861900               169.830000                 1472.100000
188.260700               169.860000                 1469.700000
188.659600               169.840000                 1467.100000
189.058400               169.840000                 1464.800000
189.457200               169.830000                 1462.200000
189.856000               169.870000                 1460.000000
190.254900               169.870000                 1457.300000
190.653700               169.860000                 1454.900000
191.052500               169.870000                 1452.700000
191.451300               169.860000                 1450.400000
191.850200               169.860000                 1448.000000
192.249000               169.830000                 1445.500000
192.647800               169.840000                 1443.100000
193.046600               169.860000                 1440.800000
193.445500               169.840000                 1438.400000
193.844300               169.840000                 1436.100000
194.243100               169.840000                 1433.600000
194.641900               169.840000                 1431.300000
195.040800               169.880000                 1429.000000
195.439600               169.850000                 1426.500000
195.838400               169.850000                 1424.300000
196.237200               169.880000                 1422.100000
196.636100               169.830000                 1419.500000
197.034900               169.840000                 1417.300000
197.433700               169.890000                 1415.200000
197.832500               169.840000                 1412.600000
198.231400               169.860000                 1410.300000
198.630200               169.830000                 1408.100000
199.029000               169.840000                 1405.800000
199.427800               169.840000                 1403.300000
199.826700               169.840000                 1401.000000
200.225500               169.850000                 1398.800000
200.624300               169.840000                 1396.500000
201.023100               169.820000                 1394.300000
201.422000               169.830000                 1391.900000
201.820800               169.840000                 1389.500000
202.219600               169.850000                 1387.300000
202.618400               169.840000                 1385.300000
203.017300               169.840000                 1382.700000
203.416100               169.850000                 1380.600000
203.814900               169.850000                 1378.400000
204.213700               169.850000                 1376.100000
204.612600               169.850000                 1374.000000
205.011400               169.880000                 1371.800000
205.410200               169.840000                 1369.500000
205.809000               169.860000                 1367.400000
206.207900               169.830000                 1364.900000
206.606700               169.840000                 1362.700000
207.005500               169.890000                 1360.600000
207.404300               169.860000                 1358.400000
207.803200               169.830000                 1356.200000
208.202000               169.810000                 1353.700000
208.600800               169.820000                 1351.600000
208.999600               169.840000                 1349.700000
209.398500               169.840000                 1347.500000
209.797300               169.850000                 1345.300000
210.196100               169.840000                 1343.100000
210.594900               169.860000                 1341.000000
210.993800               169.820000                 1338.700000
211.392600               169.880000                 1336.800000
211.791400               169.850000                 1334.400000
212.190200               169.870000                 1332.200000
212.589100               169.840000                 1330.100000
212.987900               169.870000                 1327.900000
213.386700               169.850000                 1325.800000
213.785500               169.870000                 1323.600000
214.184400               169.860000                 1321.600000
214.583200               169.830000                 1319.500000
214.982000               169.880000                 1317.500000
215.380800               169.850000                 1315.600000
215.779700               169.840000                 1313.300000
216.178500               169.850000                 1311.200000
216.577300               169.860000                 1309.300000
216.976100               169.860000                 1307.100000
217.375000               169.850000                 1304.900000
217.773800               169.880000                 1302.600000
218.172600               169.880000                 1300.700000
218.571400               169.880000                 1298.500000
218.970300               169.860000                 1296.400000
219.369100               169.850000                 1294.400000
219.767900               169.870000                 1292.400000
220.166700               169.860000                 1290.300000
220.565600               169.840000                 1288.100000
220.964400               169.860000                 1286.200000
221.363200               169.880000                 1284.300000
221.762000               169.880000                 1282.200000
222.160900               169.870000                 1280.100000
222.559700               169.850000                 1278.000000
222.958500               169.880000                 1276.000000
223.357300               169.830000                 1273.600000
223.756200               169.850000                 1271.900000
224.155000               169.860000                 1269.800000
224.553800               169.870000                 1267.800000
224.952600               169.860000                 1265.600000
225.351500               169.860000                 1263.600000
225.750300               169.840000                 1261.400000
226.149100               169.860000                 1259.800000
226.547900               169.880000                 1257.800000
226.946800               169.890000                 1255.900000
227.345600               169.860000                 1253.700000
227.744400               169.890000                 1251.800000
228.143200               169.870000                 1249.700000
228.542100               169.900000                 1247.700000
228.940900               169.890000                 1245.800000
229.339700               169.870000                 1244.000000
229.738500               169.900000                 1242.000000
230.137400               169.860000                 1240.000000
230.536200               169.910000                 1238.200000
230.935000               169.840000                 1235.700000
231.333800               169.870000                 1234.100000
231.732700               169.880000                 1232.300000
232.131500               169.880000                 1230.000000
232.530300               169.870000                 1227.900000
232.929100               169.870000                 1226.100000
233.328000               169.860000                 1224.000000
233.726800               169.840000                 1222.300000
234.125600               169.850000                 1220.300000
234.524400               169.860000                 1218.600000
234.923300               169.860000                 1216.600000
235.322100               169.850000                 1214.700000
235.720900               169.860000                 1212.700000
236.119700               169.860000                 1210.700000
236.518600               169.830000                 1208.800000
236.917400               169.850000                 1207.000000
237.316200               169.880000                 1205.200000
237.715000               169.860000                 1203.200000
238.113900               169.880000                 1201.300000
238.512700               169.880000                 1199.200000
238.911500               169.840000                 1197.300000
239.310300               169.850000                 1195.400000
239.709200               169.830000                 1193.800000
240.108000               169.840000                 1194.700000
240.506800               169.820000                 1197.300000
240.905600               169.850000                 1197.700000
241.304500               169.850000                 1195.500000
241.703300               169.860000                 1193.200000
242.102100               169.890000                 1190.500000
242.500900               169.850000                 1187.900000
242.899800               169.850000                 1185.500000
243.298600               169.890000                 1183.000000
243.697400               169.840000                 1180.700000
244.096200               169.850000                 1178.400000
244.495100               169.850000                 1175.700000
244.893900               169.870000                 1173.900000
245.292700               169.840000                 1171.400000
245.691500               169.860000                 1169.200000
246.090400               169.840000                 1167.500000
246.489200               169.850000                 1165.400000
246.888000               169.860000                 1163.300000
247.286800               169.860000                 1161.300000
247.685700               169.840000                 1159.300000
248.084500               169.880000                 1157.500000
248.483300               169.880000                 1155.400000
248.882100               169.880000                 1153.600000
249.281000               169.850000                 1151.600000
249.679800               169.840000                 1149.500000
250.078600               169.850000                 1147.700000
250.477400               169.830000                 1145.800000
250.876300               169.840000                 1143.800000
251.275100               169.850000                 1142.000000
251.673900               169.830000                 1140.100000
252.072700               169.840000                 1138.500000
252.471600               169.850000                 1136.400000
252.870400               169.830000                 1134.600000
253.269200               169.850000                 1132.800000
253.668000               169.860000                 1131.000000
254.066900               169.850000                 1129.300000
254.465700               169.860000                 1127.400000
254.864500               169.840000                 1125.700000
255.263300               169.820000                 1123.900000
255.662200               169.860000                 1121.800000
256.061000               169.860000                 1120.000000
256.459800               169.850000                 1118.300000
256.858600               169.820000                 1116.600000
257.257500               169.830000                 1115.000000
257.656300               169.860000                 1113.200000
258.055100               169.840000                 1111.400000
258.453900               169.850000                 1109.700000
258.852800               169.840000                 1108.000000
259.251600               169.850000                 1106.400000
259.650400               169.830000                 1104.600000
260.049200               169.840000                 1103.000000
260.448100               169.840000                 1101.200000
260.846900               169.840000                 1099.500000
261.245700               169.860000                 1097.500000
261.644500               169.860000                 1095.800000
262.043400               169.900000                 1094.100000
262.442200               169.840000                 1092.300000
262.841000               169.840000                 1090.700000
263.239800               169.840000                 1089.100000
263.638700               169.870000                 1087.300000
264.037500               169.860000                 1085.600000
264.436300               169.840000                 1084.100000
264.835100               169.860000                 1082.200000
265.234000               169.850000                 1080.700000
265.632800               169.890000                 1079.100000
266.031600               169.860000                 1077.400000
266.430400               169.840000                 1075.600000
266.829300               169.840000                 1073.900000
267.228100               169.810000                 1072.100000
267.626900               169.870000                 1070.600000
268.025700               169.870000                 1069.000000
268.424600               169.880000                 1067.300000
268.823400               169.870000                 1065.500000
269.222200               169.870000                 1064.100000
269.621000               169.850000                 1062.400000
270.019900               169.860000                 1060.900000
270.418700               169.840000                 1059.000000
270.817500               169.850000                 1057.500000
271.216300               169.890000                 1055.900000
271.615200               169.860000                 1054.300000
272.014000               169.850000                 1052.700000
272.412800               169.850000                 1050.900000
272.811600               169.880000                 1049.500000
273.210500               169.860000                 1047.800000
273.609300               169.840000                 1046.000000
274.008100               169.870000                 1044.300000
274.406900               169.840000                 1043.000000
274.805800               169.870000                 1041.400000
275.204600               169.870000                 1039.800000
275.603400               169.880000                 1038.300000
276.002200               169.830000                 1036.500000
276.401100               169.830000                 1034.600000
276.799900               169.860000                 1033.300000
277.198700               169.870000                 1031.800000
277.597500               169.850000                 1030.100000
277.996400               169.870000                 1028.600000
278.395200               169.840000                 1026.700000
278.794000               169.880000                 1025.500000
279.192800               169.850000                 1023.600000
279.591600               169.860000                 1022.200000
279.990500               169.830000                 1020.800000
280.389300               169.870000                 1019.200000
280.788100               169.870000                 1017.900000
281.186900               169.870000                 1016.400000
281.585800               169.830000                 1014.500000
281.984600               169.880000                 1013.300000
282.383400               169.840000                 1011.400000
282.782200               169.840000                 1009.900000
283.181100               169.850000                 1008.400000
283.579900               169.880000                 1006.900000
283.978700               169.860000                 1005.400000
284.377500               169.870000                 1004.100000
284.776400               169.840000                 1002.000000
285.175200               169.830000                 1000.700000
285.574000               169.840000                 999.050000
285.972800               169.860000                 997.540000
286.371700               169.820000                 996.090000
286.770500               169.890000                 994.630000
287.169300               169.840000                 992.820000
287.568100               169.840000                 991.370000
287.967000               169.840000                 989.960000
288.365800               169.860000                 989.760000
288.764600               169.890000                 989.060000
289.163400               169.850000                 987.700000
289.562300               169.830000                 986.040000
289.961100               169.850000                 984.490000
290.359900               169.860000                 982.780000
290.758700               169.850000                 981.120000
291.157600               169.840000                 979.760000
291.556400               169.870000                 978.010000
291.955200               169.870000                 976.250000
292.354000               169.840000                 974.540000
292.752900               169.840000                 973.440000
293.151700               169.870000                 971.580000
293.550500               169.870000                 970.120000
293.949300               169.860000                 968.460000
294.348200               169.850000                 966.760000
294.747000               169.830000                 965.400000
295.145800               169.880000                 963.940000
295.544600               169.870000                 962.490000
295.943500               169.840000                 961.130000
296.342300               169.840000                 959.930000
296.741100               169.850000                 958.370000
297.139900               169.830000                 956.460000
297.538800               169.850000                 955.310000
297.937600               169.850000                 953.700000
298.336400               169.860000                 952.390000
298.735200               169.850000                 951.140000
299.134100               169.870000                 949.580000
299.532900               169.870000                 948.380000
299.931700               169.860000                 946.870000
300.330500               169.840000                 945.510000
300.729400               169.850000                 944.010000
301.128200               169.840000                 942.650000
301.527000               169.820000                 941.290000
301.925800               169.840000                 939.690000
302.324700               169.870000                 938.580000
302.723500               169.850000                 937.180000
303.122300               169.880000                 935.870000
303.521100               169.820000                 934.460000
303.920000               169.840000                 932.810000
304.318800               169.860000                 931.500000
304.717600               169.850000                 930.090000
305.116400               169.850000                 928.840000
305.515300               169.850000                 927.480000
305.914100               169.850000                 926.230000
306.312900               169.850000                 924.770000
306.711700               169.830000                 923.410000
307.110600               169.850000                 922.210000
307.509400               169.850000                 920.850000
307.908200               169.900000                 919.450000
308.307000               169.840000                 918.340000
308.705900               169.890000                 916.780000
309.104700               169.870000                 915.680000
309.503500               169.840000                 914.220000
309.902300               169.890000                 913.220000
310.301200               169.880000                 912.060000
310.700000               169.840000                 910.460000
311.098800               169.860000                 909.300000
311.497600               169.880000                 907.840000
311.896500               169.870000                 906.740000
312.295300               169.840000                 905.380000
312.694100               169.890000                 904.030000
313.092900               169.850000                 902.620000
313.491800               169.840000                 901.720000
313.890600               169.840000                 900.260000
314.289400               169.850000                 898.950000
314.688200               169.860000                 897.550000
315.087100               169.860000                 896.490000
315.485900               169.860000                 895.140000
315.884700               169.850000                 893.830000
316.283500               169.870000                 892.680000
316.682400               169.880000                 891.220000
317.081200               169.870000                 890.220000
317.480000               169.870000                 888.760000
317.878800               169.850000                 887.600000
318.277700               169.840000                 886.350000
318.676500               169.900000                 885.340000
319.075300               169.880000                 884.140000
319.474100               169.850000                 882.580000
319.873000               169.850000                 881.630000
320.271800               169.850000                 880.470000
320.670600               169.850000                 879.120000
321.069400               169.840000                 877.810000
321.468300               169.880000                 876.860000
321.867100               169.860000                 875.600000
322.265900               169.890000                 874.400000
322.664700               169.880000                 873.240000
323.063600               169.880000                 871.980000
323.462400               169.890000                 870.930000
323.861200               169.880000                 869.720000
324.260000               169.870000                 868.120000
324.658900               169.870000                 866.910000
325.057700               169.880000                 866.110000
325.456500               169.880000                 864.850000
325.855300               169.890000                 863.800000
326.254200               169.890000                 862.590000
326.653000               169.890000                 861.490000
327.051800               169.860000                 860.230000
327.450600               169.880000                 859.180000
327.849500               169.870000                 857.820000
328.248300               169.890000                 856.770000
328.647100               169.860000                 855.460000
329.045900               169.890000                 854.710000
329.444800               169.880000                 853.350000
329.843600               169.840000                 852.250000
330.242400               169.880000                 851.140000
330.641200               169.880000                 849.940000
331.040100               169.900000                 848.780000
331.438900               169.880000                 847.630000
331.837700               169.860000                 846.120000
332.236500               169.840000                 845.520000
332.635400               169.870000                 844.260000
333.034200               169.890000                 843.310000
333.433000               169.890000                 842.100000
333.831800               169.880000                 840.950000
334.230700               169.880000                 839.990000
334.629500               169.860000                 838.790000
335.028300               169.860000                 837.680000
335.427100               169.860000                 836.780000
335.826000               169.880000                 835.520000
336.224800               169.890000                 834.570000
336.623600               169.910000                 833.710000
337.022400               169.850000                 832.560000
337.421300               169.890000                 831.450000
337.820100               169.880000                 830.250000
338.218900               169.850000                 829.700000
338.617700               169.880000                 829.800000
339.016600               169.860000                 828.890000
339.415400               169.860000                 828.690000
339.814200               169.890000                 827.290000
340.213000               169.850000                 826.230000
340.611900               169.860000                 825.130000
341.010700               169.920000                 824.170000
341.409500               169.840000                 822.720000
341.808300               169.880000                 821.360000
342.207200               169.870000                 820.350000
342.606000               169.880000                 818.950000
343.004800               169.890000                 817.640000
343.403600               169.870000                 816.690000
343.802500               169.930000                 815.530000
344.201300               169.880000                 814.330000
344.600100               169.910000                 813.420000
344.998900               169.880000                 812.170000
345.397800               169.890000                 811.010000
345.796600               169.890000                 810.160000
346.195400               169.870000                 809.000000
346.594200               169.870000                 807.700000
346.993100               169.900000                 806.690000
347.391900               169.870000                 805.590000
347.790700               169.870000                 804.580000
348.189500               169.860000                 803.630000
348.588400               169.860000                 802.580000
348.987200               169.880000                 801.470000
349.386000               169.850000                 800.770000
349.784800               169.840000                 799.210000
350.183700               169.860000                 798.210000
350.582500               169.850000                 797.700000
350.981300               169.860000                 796.600000
351.380100               169.840000                 795.490000
351.779000               169.840000                 795.440000
352.177800               169.870000                 794.890000
352.576600               169.860000                 793.940000
352.975400               169.870000                 793.180000
353.374300               169.870000                 792.230000
353.773100               169.840000                 791.330000
354.171900               169.830000                 790.020000
354.570700               169.840000                 788.910000
354.969600               169.820000                 787.960000
355.368400               169.870000                 786.760000
355.767200               169.850000                 785.950000
356.166000               169.840000                 784.850000
356.564900               169.840000                 783.840000
356.963700               169.810000                 782.740000
357.362500               169.860000                 781.730000
357.761300               169.840000                 780.930000
358.160200               169.840000                 780.180000
358.559000               169.840000                 779.070000
358.957800               169.840000                 777.970000
359.356600               169.820000                 777.110000
359.755500               169.830000                 776.260000
360.154300               169.860000                 775.400000
360.553100               169.850000                 774.150000
360.951900               169.840000                 773.350000
361.350800               169.840000                 772.440000
361.749600               169.830000                 771.290000
362.148400               169.820000                 770.630000
362.547200               169.830000                 769.480000
362.946100               169.840000                 768.770000
363.344900               169.840000                 767.820000
363.743700               169.840000                 766.870000
364.142500               169.850000                 766.010000
364.541400               169.850000                 765.110000
364.940200               169.850000                 764.410000
365.339000               169.840000                 763.250000
365.737800               169.840000                 762.500000
366.136700               169.860000                 761.440000
366.535500               169.840000                 760.540000
366.934300               169.850000                 759.730000
367.333100               169.850000                 758.630000
367.732000               169.810000                 757.830000
368.130800               169.840000                 756.870000
368.529600               169.870000                 756.070000
368.928400               169.840000                 755.210000
369.327300               169.830000                 754.460000
369.726100               169.860000                 753.610000
370.124900               169.880000                 753.000000
370.523700               169.840000                 751.900000
370.922600               169.820000                 751.100000
371.321400               169.870000                 750.240000
371.720200               169.830000                 749.390000
372.119000               169.850000                 748.430000
372.517800               169.840000                 747.580000
372.916700               169.870000                 746.780000
373.315500               169.860000                 745.870000
373.714300               169.860000                 744.870000
374.113100               169.850000                 744.060000
374.512000               169.850000                 743.460000
374.910800               169.870000                 742.310000
375.309600               169.840000                 741.600000
375.708400               169.840000                 740.850000
376.107300               169.820000                 739.850000
376.506100               169.840000                 739.090000
376.904900               169.840000                 738.390000
377.303700               169.840000                 737.540000
377.702600               169.840000                 736.680000
378.101400               169.840000                 735.930000
378.500200               169.850000                 735.330000
378.899000               169.860000                 734.470000
379.297900               169.830000                 733.620000
379.696700               169.850000                 732.810000
380.095500               169.830000                 731.960000
380.494300               169.830000                 731.110000
380.893200               169.850000                 730.500000
381.292000               169.840000                 729.700000
381.690800               169.850000                 728.850000
382.089600               169.830000                 727.840000
382.488500               169.830000                 727.340000
382.887300               169.840000                 726.740000
383.286100               169.840000                 725.780000
383.684900               169.830000                 724.730000
384.083800               169.840000                 723.930000
384.482600               169.840000                 723.120000
384.881400               169.860000                 722.370000
385.280200               169.850000                 721.560000
385.679100               169.840000                 720.460000
386.077900               169.820000                 720.060000
386.476700               169.860000                 718.850000
386.875500               169.880000                 718.550000
387.274400               169.840000                 717.500000
387.673200               169.870000                 716.740000
388.072000               169.860000                 715.890000
388.470800               169.830000                 715.490000
388.869700               169.810000                 714.530000
389.268500               169.850000                 713.680000
389.667300               169.850000                 713.280000
390.066100               169.840000                 712.320000
390.465000               169.840000                 711.570000
390.863800               169.820000                 710.770000
391.262600               169.840000                 709.960000
391.661400               169.840000                 709.160000
392.060300               169.840000                 708.150000
392.459100               169.870000                 707.600000
392.857900               169.840000                 706.850000
393.256700               169.860000                 706.100000
393.655600               169.840000                 705.390000
394.054400               169.850000                 704.840000
394.453200               169.840000                 703.790000
394.852000               169.860000                 703.080000
395.250900               169.910000                 702.680000
395.649700               169.850000                 701.530000
396.048500               169.870000                 701.120000
396.447300               169.840000                 700.320000
396.846200               169.830000                 699.470000
397.245000               169.880000                 698.810000
397.643800               169.860000                 698.060000
398.042600               169.850000                 697.210000
398.441500               169.860000                 696.450000
398.840300               169.840000                 695.850000
399.239100               169.850000                 695.000000
